1 157 159 192 10378 14207 116191 123623 
21 1543 1552 
66 4398 770337 
240 7197 14777 78603 384575 
338 88 13511 21099 70184 111250 115733 125042 218391 619877 
353 18419 21934 
469 1038 1917 2434 9767 24990 29368 29377 29379 29382 
656 12807 30022 40323 40324 40329 40333 40342 40348 
732 44906 44916 44918 44977 44978 45000 63872 65503 206476 209165 368902 377518 436265 1070256 
785 21743 47786 
796 3217 3219 13877 18062 61104 67565 95225 440909 698169 
854 1368 2585 3379 3544 20289 21489 24773 46872 51884 
917 11896 15456 
1094 65647 300045 
1225 1097 2908 3824 3826 10766 14207 18854 23434 25388 25670 31582 36258 36771 46406 47786 50392 65961 68602 73262 73263 92149 116191 122104 173231 175511 218392 235771 239463 279556 327015 353052 415888 569064 
1241 2913 10378 14207 31582 68602 90549 339303 
1321 46926 57511 249866 
1387 67915 67919 
1839 12587 33742 107793 107796 
1894 236144 257697 877371 2043568 2085284 8999878 
1922 2246 5748 
2061 3915 25153 29023 45346 65961 121151 167260 250522 250574 328674 464114 464121 673206 814988 894587 933457 1057168 1443033 1654503 1661658 1681484 1739955 1833677 2181045 2367321 2367323 2750323 7692816 
2086 5748 8729 30659 47042 122422 122426 122454 122459 247639 
2108 5718 60280 
2114 25063 62722 85880 124064 3174839 
2153 35189 63909 73952 264044 
2334 37904 71373 85240 90189 254245 
2426 16709 70030 
2519 12606 146564 
2666 160 11923 21222 21872 27684 28798 39265 43326 49312 55084 66861 78184 82235 88226 96268 120706 124857 131936 149197 150110 152098 179614 234006 2511528 
2865 165885 165886 
3135 33484 114769 
3137 12066 12575 149707 180546 
3292 3823 57318 
3297 160246 373499 
3417 369185 393527 
3542 2160 2653 46367 202789 
3611 6154 44882 122599 232756 287214 
3698 2430 2913 6301 22712 50417 54513 94216 
3747 13797 13830 193986 214005 
4216 71831 182901 845188 898505 898526 
4338 99 3927 15093 115993 175511 243502 
4349 10124 10135 18030 23824 61457 69995 178412 
4397 78738 546258 
4485 10558 30042 
4538 24256 45364 254828 254832 378399 637268 813356 894560 
4576 91901 192427 256548 
4590 3058 215622 
4651 612491 702664 
4720 199910 263778 
4956 2681 17891 298148 368764 1094912 
5078 88 1360 17578 17826 86079 100670 104702 106450 114425 118250 392550 
5194 29153 67809 165233 171948 205709 287210 287212 435544 522312 1191270 1352040 1368108 1840700 1845851 2517444 
5235 68371 130305 
5303 104340 1173921 
5567 56291 306477 306498 395131 
5931 9952 14285 18787 51891 112737 190483 258097 274288 323517 
5964 40954 51649 71747 151512 348649 373273 455936 612479 874727 925809 
5976 71242 92365 108701 217730 
6048 48787 104759 
6292 125 59954 125080 206504 1837865 
6434 27192 35577 49852 
6572 30915 41985 59093 62720 116729 141928 190108 220822 395080 574447 
6692 2420 10446 10557 15647 17680 25050 25060 25113 26374 42009 53054 83953 102979 129888 161688 189794 208810 226925 251110 270173 330861 361722 361754 361764 361775 482401 623629 627085 798758 880829 
6827 55916 79686 518887 
6848 5659 18022 54083 155892 178087 369483 
6873 2626 34923 152803 670908 823267 
6913 84571 289057 
6949 264427 374100 
6958 2731 7188 53231 127834 133731 310855 421616 421628 
7410 2420 8226 8956 73484 223879 284573 369515 394208 394209 1763937 
7456 206076 781877 
7564 1875 7661 10378 17053 48194 124230 
7698 411438 411441 
7850 162068 191727 
8007 7226 10928 12813 23114 27829 48473 50871 68241 69751 70712 72223 72244 81675 83210 84087 84871 87390 92681 97082 122459 133915 134109 182330 192932 196044 216902 235979 239614 247636 251180 251343 269043 299333 307760 323650 409049 418730 450580 630674 644222 657437 665983 741243 830262 839770 843341 855009 904571 936148 1076547 1129990 1144121 1227229 1722808 
8211 923 925 32717 102379 
8304 12815 3195247 
8309 213366 239435 
8402 20026 36305 
8487 69956 190292 
8623 12308 60258 
8737 5924 12811 199674 460680 
8888 101663 991133 
9133 112659 184432 
9291 43675 49097 109805 364607 486460 664471 
9305 2563 79112 92590 225510 
9451 8826 16709 29504 69743 81010 142769 296447 324283 
9467 14207 14226 30574 36513 160919 2401312 
9500 15107 47587 50562 84053 85225 90263 109961 119786 162062 220778 252485 287157 321832 386201 433709 542246 544332 811212 852937 1045481 1298208 
9529 88 27829 29509 54874 59524 135276 156232 218915 470154 
9568 10899 29383 90536 499339 
9667 18920 27414 31578 207034 291462 370052 479304 3403673 
9878 2430 8813 83478 
9894 39305 423784 
9929 285727 764641 2285932 2291018 
10153 8921 174856 208234 277536 
10182 126510 509232 
10201 86560 251036 
10269 4163 78615 
10287 15647 368806 532245 532247 
10487 3385 18419 98488 98489 
10501 10630 246193 
10562 10759 134083 167261 
10582 155849 210482 545757 
10590 740 2431 9886 16454 20978 30619 31582 68602 71110 86072 94728 123645 173231 875268 1152570 1494328 2918035 
10607 3828 22118 57318 
10628 66144 542176 
10731 101149 146338 193594 241790 401165 675873 823551 931916 1129771 1469780 
10796 1368 2430 2651 21480 30519 36712 276289 405168 2078051 
10947 2913 5687 7198 50490 172593 218500 368461 800764 
11037 59858 122099 266027 271116 644222 877176 
11150 25097 34251 260184 699170 
11411 18844 107856 110665 209116 244824 296432 584672 887416 
11428 745 17053 30042 43707 45217 47494 51036 53905 55706 72759 78589 80356 84986 103349 145697 169033 214797 234306 248112 264364 286605 308002 853473 1001591 
11459 2858 8241 18822 472614 
11494 1348 32753 51036 67750 68507 100309 114276 223157 364650 421616 451089 497842 1164846 1236801 2037364 2675551 7552222 
11499 12629 12813 69752 282348 
11679 11603 11607 74075 222401 222894 
11772 1662 17745 25366 194515 251379 
11834 130707 135112 
11904 5275 8761 12626 35144 39792 41993 47236 60790 71058 78753 88381 94188 120984 163311 208224 208232 208234 230976 260068 270218 604149 607580 630458 866837 1094912 
12160 5557 194849 
12173 89231 151256 619946 
12233 818 4109 14287 21489 31069 46019 55589 61563 68698 87417 96114 130307 162068 168119 231226 264897 286612 333952 391669 
12260 4257 21492 243491 264897 
12278 1099 2913 15649 531265 
12435 10455 209823 
12747 67565 78474 135119 285625 
12807 4632 46359 
13124 8218 16443 
13203 50479 60268 62128 322668 
13226 6147 18005 52843 52892 118938 142261 282225 294136 342194 345182 363192 614001 
13352 1359 29504 103256 107247 304651 897325 1227229 1635399 
13401 12811 675873 
13426 26277 49852 
13731 14067 14082 
13743 178870 392608 
13817 50491 693760 
13911 44865 60580 
14027 114525 339254 
14261 18430 197835 
14391 33087 71787 115712 259900 462786 2982608 
14452 1360 1940 1984 11427 13311 18419 19024 21872 21934 24910 33697 52568 59932 62130 88737 99697 106926 107853 126646 136673 142266 154618 191399 193979 278262 298364 298399 312037 328460 504595 514879 560056 666761 1126237 1555636 
14455 80655 193272 
14608 3213 23971 
14741 1359 10724 12538 36189 40331 41150 47004 47007 71401 95549 103444 150387 202680 235979 291235 483127 556450 591355 866296 
14809 146564 598902 
14909 25381 44445 56228 62205 66905 107479 137872 256255 303080 320582 358064 386958 
14937 2046 13298 22320 68371 143141 164866 
14965 49032 52538 
15194 8068 17231 
15411 179 992 1283 2748 13320 13694 13696 13720 13772 15260 17586 22102 24604 25631 27028 27690 38969 39420 42185 43683 44288 53894 60833 69461 73322 74977 85344 87042 87442 92009 101737 107818 110694 112833 120993 128756 128790 136303 145656 146848 163546 183125 183793 188788 219556 219919 256548 278217 280929 350062 386987 453350 477529 514423 569940 636855 671371 693764 750442 1019892 1473499 1553592 3330145 7221858 
15512 1348 13912 16689 50479 101278 106484 132753 187515 197913 249951 250372 662087 880890 1269719 7438967 
15627 53232 269996 
15685 2901 3042 3337 5503 13427 18757 52264 78857 312037 666761 779116 
15761 6105 21576 27753 29093 
15777 941159 1858025 
15843 2919 10897 21380 36189 84581 112085 128327 246052 
15874 158 11405 
15934 370 15916 33728 50888 54070 71330 111973 118261 134316 189794 218951 247366 260386 
16167 2319 3828 90629 
16180 2428 2431 2891 2913 14842 19438 23818 43397 68603 77635 94183 417671 
16277 54083 805680 
16284 4047 12809 12821 46492 78223 85315 87817 114202 122298 220910 231258 240483 264576 276292 379887 442495 508433 617166 1932090 3362477 
16394 25067 32620 
16733 17586 18865 
16869 68639 160342 237912 534328 
16923 13423 18299 22939 472903 
16927 5544 55434 118931 174972 193072 
17038 2246 2908 29035 31583 68055 71399 122474 155550 353052 556410 839770 1003709 
17092 32397 580794 
17179 4088 5738 66827 67137 161353 180393 218488 294234 1205977 1565814 
17360 46708 66079 242066 338662 
17707 1605 8218 16646 21036 36708 50322 64592 69162 105030 176352 282225 334498 497673 2105096 
17736 14207 25816 36513 64814 112414 203491 332199 430857 639322 3278970 
17757 84088 205412 
17825 16678 17772 38644 89511 263106 269046 300700 517235 582004 874834 874835 
17890 152 98338 
17992 21576 29624 36174 
18118 1365 10557 17520 28790 62722 265693 
18229 126284 891397 
18267 7664 31151 
18269 52896 142261 
18291 45367 250594 464157 894565 
18366 8222 15337 
18384 68579 170724 184157 384407 432222 1036936 
18490 31577 97569 
18648 10558 17680 25050 25060 25094 25113 26374 151175 258597 482401 627085 880829 
18819 1261007 3886082 
18834 10056 451089 834364 2043568 
18997 3375 6708 11081 61970 70644 85887 87432 153516 415266 
19033 27829 309164 703425 
19167 29023 31573 49852 68602 
19227 237647 935621 
19536 5264 18277 21516 31107 57318 85344 137420 191500 197443 234370 283592 1069354 
19696 15983 29383 69409 500938 
19798 2913 62112 62124 135217 241785 249986 249987 423262 1039607 
19937 23570 41967 48194 63357 
19982 81289 85234 105984 187674 461225 480690 
20131 70691 309951 
20260 101608 203146 
20298 6174 75940 
20329 51831 2135002 
20500 43693 74367 740298 
20669 2288 156636 237098 348058 996855 
20685 24256 45353 45364 45365 121209 250538 628336 745415 894560 997588 1081505 3589297 
20753 12945 29496 165908 364380 
20861 12627 84002 150160 160903 218466 434385 435155 469477 482544 550432 
20942 963 7318 18832 31931 34054 102250 1353107 
21043 12804 24126 
21124 7699 24418 40992 46665 60280 91037 165908 
21270 9647 80790 
21302 1691 7569 22250 43700 109826 147461 231479 427214 
21340 1099 12813 
21482 2920 17742 
21623 153516 160265 
21668 2294 4129 5671 5735 5748 9486 17891 29504 35190 66765 69065 71382 74886 79303 84986 103256 103281 110665 177036 193320 202893 216144 218951 227918 277773 289439 311287 311695 326331 348739 364503 368922 379209 564795 1219829 1648580 
21737 1633 2959 4605 7508 12811 16689 28931 36305 51292 254283 
21791 117481 135688 135689 166539 
21867 88166 763730 
21987 3899 62660 
22106 782622 1057648 
22161 269046 438820 
22400 25053 36318 
22437 24757 30654 114182 127234 
22526 152 8538 19438 21934 31398 32307 53232 122474 248628 286537 
22542 51823 437010 
22560 202857 644014 
22562 50695 69485 318119 772660 
22652 2585 3543 63721 
22684 2546265 4666556 
22711 261196 276896 
22973 152 1038 1917 2899 3979 10408 10558 12573 15408 21599 36722 45008 45505 45819 72703 80037 82101 83753 84578 101851 102326 102617 106600 107847 110995 117140 119648 135164 137222 195921 196856 210250 212847 239899 264404 343403 350450 366814 369989 460081 477695 520888 831962 849919 1698529 4404555 
23003 70184 107263 121261 151513 340314 1024961 1094912 
23180 22148 28929 
23257 42026 502294 
23391 2876 9937 18845 21568 71820 113606 113640 195049 1687420 
23574 2433 4499 25670 36771 324296 665040 
23602 140791 1345461 
23736 47006 261870 
23792 1576 2427 2651 4482 6327 7379 10378 14207 29377 29383 31582 41341 47042 50334 51094 68602 81441 84661 85491 97141 118005 122104 142481 164875 174053 184956 189317 295366 616670 739953 1190026 1753796 
23821 12629 65519 
23850 118255 764115 
24005 31148 39008 
24052 21480 24798 30360 30519 36815 46869 61563 96364 
24124 3824 39288 100666 923389 
24176 2913 277727 
24236 10078 107058 117473 431496 
24394 4838 12634 12799 13694 13695 20777 25019 30934 32870 37063 68508 82101 88232 130402 132111 179825 208485 238916 252372 252373 275106 316133 333971 474473 539039 
24396 4403 17578 24591 56915 100659 628530 
24446 53847 83209 117202 673764 
24528 27495 67551 68352 141129 
24553 13350 25050 36408 51884 95327 133849 135119 154223 186035 285625 285628 285629 285630 1160337 
24629 963 114425 
24637 12561 39767 55926 113152 141045 305477 351343 468247 511641 539859 688648 1240825 
24654 14296 172625 
24713 31689 36032 
24728 745 84851 195937 234404 
24735 105536 150768 
24746 1479 121811 
24830 303118 427220 534167 2139648 
24900 2913 5748 5846 7672 12629 17772 28281 29414 30303 33541 36259 36274 41153 60596 60812 80679 88399 91966 229248 276294 316117 380441 408354 451900 
24993 31582 50392 352869 890279 
25113 10735 521636 
25118 2288 4850 18234 21142 27566 70991 71271 131125 190292 231479 262684 636101 2230944 
25146 3207 11349 23613 34885 61316 153145 167519 509187 
25178 63 18010 20611 24604 28098 31582 39420 50392 167767 173231 223701 
25194 2094 2988 10056 12635 17892 41969 64607 79303 81032 126287 191520 207503 212423 228322 230976 250891 375151 437938 561203 567934 716775 741887 895784 1094912 1104615 
25278 1598 14823 
25342 9536 12804 
25349 2423 10897 27820 146200 
25491 79617 199799 423554 499151 
25627 575506 6469473 
25982 99 3823 31994 41335 44839 
26022 720845 1704014 
26038 26070 202723 309370 597012 
26163 2160 46367 
26228 67803 94229 122432 523175 
26317 455939 777230 
26692 13080 15135 21872 21884 74731 231598 438681 459909 
26775 17772 20978 21009 50450 50514 68168 97537 114538 
26878 12444 21934 90568 503943 
26880 277338 943036 
26909 161 5715 8761 18782 21589 44850 51190 62127 68167 69744 132742 138609 159588 255125 322318 336964 444321 513339 559357 637373 686821 6087672 
26944 6361 33138 
26964 99 2319 3828 13944 23779 36175 36776 60258 88381 100666 103133 141397 147461 152636 187743 216858 269350 386390 958639 1230740 
27270 59954 59956 1239176 
27278 19250 51649 61034 88232 106035 137610 160916 218767 398048 402933 
27316 2908 14462 17997 31577 31582 31583 47042 49573 68602 71399 77211 155548 165233 273856 354717 1003709 
27334 195961 195966 598902 
27358 370 745 1363 3927 6788 7722 13230 17578 18419 107780 186328 523182 1115498 2241366 
27439 10557 25128 130707 135112 
27601 549 13149 44776 74476 226373 264364 520506 584615 
27631 149 21599 170867 557890 
27821 23834 105547 
27873 965 21489 21503 101410 103265 110071 191727 205975 211297 286900 308658 327696 926650 1355679 
27876 158 5748 11405 17963 32053 40335 52537 72759 78306 78307 78309 97387 243479 417671 615774 1357454 2049590 
27985 18840 393061 
28074 116944 310221 
28280 5688 5838 7661 8505 13926 101411 113094 201558 680049 680050 
28291 80166 270273 674555 775233 2281989 
28314 109855 239187 
28654 158 11405 
29046 4538 36151 39364 63028 
29320 90439 655092 
29569 492237 872041 
29735 5805 5830 7982 9937 11100 12439 18431 21016 36255 63289 81032 110961 110969 114560 135476 142447 143286 153732 243484 277727 284256 316655 544947 575343 683878 689586 693523 729978 1054412 4579686 7438967 
29765 4403 7188 11972 18913 25134 31398 209201 273145 
30189 67803 74789 
30254 98152 161674 
30267 79450 514803 
30632 167103 206373 
30764 25231 68576 208234 485846 
30835 88 2910 14285 18666 25112 27821 31095 31477 32033 36084 67607 118938 151791 236388 455662 479162 838910 966430 
31092 21270 89231 151256 238214 
31096 38626 149630 
31105 2094 10056 21913 174360 
31140 5566 18487 83249 110212 164873 436909 552166 901116 
31203 8733 16689 
31353 1425 213460 
31376 15102 54485 88381 218842 581555 
31583 27793 717643 
31674 27899 110212 206477 428566 432222 670558 827926 924806 997823 1233765 1832308 1858429 2788725 
31716 2472 2862 55153 143682 376409 513336 622866 992677 1453793 
31766 104305 277599 
31957 100 34895 
32054 170056 427018 
32146 200 15972 
32335 188566 654116 
32355 121 36232 55500 73760 102634 132457 159574 348649 
32490 16614 67730 74889 97575 111576 612072 845138 
32571 91951 490190 
32904 1502092 1502093 
33166 35415 326897 
33247 271993 306003 
33320 2431 130679 235908 285629 285630 376884 
33336 12630 36822 64189 85996 438799 483170 571049 682381 
33354 189009 285201 386127 428295 
33391 43316 680892 
33407 46492 514748 
33430 2562 10258 105949 895501 
33616 1479 8961 10339 11427 25097 25119 98023 761594 
33706 2249 13926 34054 271596 394504 3208695 
33789 15336 15337 
34001 17997 80791 123365 175567 196533 289371 289372 471568 
34052 80464 788872 
34062 125562 1435075 
34124 40329 113967 294513 768861 
34211 8853 18751 346156 781292 
34273 1297 1351 2431 7736 7979 8735 8866 12586 12587 12629 15985 16412 17655 26363 27833 30041 47504 61262 68677 77348 80247 90549 97820 101199 112833 115110 173231 199745 270218 280944 280950 283911 290303 297469 384935 413844 470830 839105 973639 1681728 2059100 2332574 2420792 
34400 209160 216864 
34437 4645 26912 62660 200559 330404 555236 
34523 1285 80256 160342 
34561 6301 56140 
34663 18844 32753 37888 40354 42008 42246 50767 50889 64394 107856 116807 143847 143851 170095 201847 223156 264429 357980 378980 404604 562012 584672 628913 691811 1802220 
34754 12892 33713 44991 60329 756165 1233765 
34809 53792 119937 
34994 3159 666919 
35042 1888 6308 34889 177778 322849 827479 1844990 5733970 
35155 2246 11403 31582 523159 
35289 7290 104314 106422 125571 195198 439166 618438 1081725 
35293 2431 5838 8367 27901 51886 61563 64814 68602 77635 214332 231987 289432 
35427 470664 1605703 
35454 8825 189017 1127389 1721350 
35704 2300 36645 127529 143527 
35855 62722 175516 375023 
35999 97948 425993 
36011 181 4927 
36019 4171 20263 33697 280931 
36060 3212 89563 106823 152817 1057679 
36116 13922 18971 25112 309568 455662 841950 966430 
36166 192 3058 3206 10378 10870 14207 52433 63372 217890 332199 
36227 150 2471 10928 15382 16664 20125 49852 53581 86416 90549 219925 256690 1821361 
36299 18988 152388 
36304 14285 738786 
36325 24928 128659 144646 276383 489059 
36378 37301 125156 
36459 17892 71401 
36507 5242 15707 19165 29251 39945 45150 68697 72099 214797 398353 476899 476912 
36603 117292 553546 
36613 5222 15134 146500 153896 192839 326860 753008 
36730 10378 29023 
36797 24405 142266 605749 1051046 
36886 4644 15994 18920 27991 144399 338365 408438 1052156 
36939 1605 2913 4410 6140 12021 12812 12813 14226 15367 22286 39910 50562 59521 80632 82241 96164 106597 119253 122406 154600 187189 307162 951707 
37115 1304 13923 48220 204722 205405 
37135 19282 77211 354717 1469802 
37300 35168 90420 159926 220878 
37345 4632 43675 
37373 2901 10872 13414 15897 23681 37888 41305 105561 133720 133721 173057 186351 259051 277684 311962 351371 379320 422080 592526 1026225 1802220 
37392 3059 201558 
37526 28454 165914 
37649 123840 382227 
37726 276534 439374 
37777 8367 36189 
37867 1017 6551 
37991 3346 4269 
38066 9952 21099 
38250 106335 278007 
38406 25067 405168 
38498 9886 36258 44540 
38667 5834 357204 
38702 18419 21934 21946 29519 30361 30523 52568 140900 223160 235467 245527 250119 508119 513436 668109 
38909 114848 332891 
38929 1577 2431 
38937 881 5134 8506 121014 200261 282064 343679 829254 
38944 18635 141481 
38968 5048 45587 102770 102790 283943 499813 
39083 44718 52896 55693 128327 179679 335468 608685 654364 759099 1536131 4406011 
39350 10837 162632 
39399 7238 10056 92365 217667 
39402 12419 18920 36087 122357 294089 716760 916626 
39420 4605 5525 302521 1059867 
39448 10107 17772 30041 30659 59821 73956 101737 112833 125450 222629 346628 357980 562012 587624 2449138 2549725 
39793 1099 36917 86641 228679 482808 
39832 13067 43821 
39958 4499 15978 26153 27398 108678 111935 189016 381803 1202862 1215071 
40166 1502092 1502093 
40178 2694 13697 117365 739673 
40187 200 9534 10659 27024 82101 130443 
40415 12653 447209 1580238 
40424 6804 12812 22682 22712 30607 376309 
40760 28516 2154330 
40811 960 18056 
41123 39609 645602 
41214 16701 24406 50514 60858 241572 300195 597110 1306080 6855991 
41302 3828 5264 157028 
41429 161 4403 6008 7658 9255 10756 11349 12575 13071 17231 19069 20121 21050 21801 27197 29096 56675 61112 63609 66615 85950 93351 100313 105561 111933 113640 115182 133336 136050 139357 146911 170095 196219 224611 242878 270488 306896 315515 357612 365490 464109 545368 600114 628530 647845 721230 1126245 
41552 41870 437938 741887 1078773 
41648 2068 12793 68167 70426 70768 84969 103301 106466 166545 227515 330585 455420 580721 662989 1722808 2111371 
41704 92590 327621 
41840 2962 51811 
41903 1745515 1862820 
42179 110 2281 3786 6304 14492 17736 32325 36214 39264 51477 51649 90567 94275 105753 147872 187326 321703 324278 375020 402057 754685 1343653 1359147 
42292 1304 25063 35207 36978 68536 130707 135112 
42300 115 2428 7736 12634 18419 21934 25034 48110 55153 73948 90635 91334 105561 160978 173147 248617 250628 280936 321344 324306 534330 625546 1757887 2917882 2998099 3003183 
42333 21364 94202 
42342 2290 2908 5806 22889 28724 31582 43821 50543 64060 66769 73952 77826 91839 94204 94217 109068 109934 112833 123643 126288 128790 145658 198719 236636 324304 333959 354530 397569 416750 459614 466174 525048 562689 597485 651055 662992 665983 699372 766479 775865 1267216 1339193 1405549 1575843 2303270 
42414 19593 271863 
42542 5848 33532 42398 47042 
42571 21016 36815 
42575 38179 158685 321111 474039 557045 1961520 3954093 
42632 133720 143419 192096 761320 
42663 2430 8813 16689 128714 162786 482515 862691 
42757 1359 2431 25063 27833 84986 91839 125734 135112 213660 285627 
42904 1099 16682 17772 22682 41994 58788 70416 71404 79291 438820 
42921 17773 57954 60049 72459 291398 
43111 1576 6147 24092 48390 55693 77293 97575 145088 
43255 2424 39338 256255 398920 
43433 21918 823888 
43710 12311 18234 21576 94728 96033 147675 409863 
43890 12109 14194 26390 41320 51313 64715 97549 157302 166065 234286 322517 326156 438861 445812 723161 1907112 2833015 
44186 65570 750490 
44300 21669 43326 
44392 88 2359 2882 5671 7226 8729 16070 16404 22320 24409 27893 30616 36259 50540 54070 68030 73947 120996 127547 218948 254536 260386 261122 533926 
44428 12928 29414 77090 88381 97826 528614 625964 735404 
44625 1360 4611 
44664 10897 21599 21672 
44716 125 3823 3828 4489 6157 12461 16869 18496 26374 37063 38973 42549 44164 51036 51102 54515 79939 100688 106212 106245 106450 117297 118251 120982 145637 147027 168285 175367 184692 185659 197443 217428 220264 246901 283683 297463 312074 387191 434430 569064 699370 778403 1118263 1159162 1465024 1573134 1668198 1687963 
44867 3828 5264 11973 12441 44164 1924377 
44887 12280 39244 
44902 242125 4630310 
44942 23403 112734 
44954 14285 14286 14294 
44995 169763 381440 
45128 5748 15983 27821 853395 
45347 121033 256256 261499 611467 
45378 5844 22329 
45401 401 1859 12799 15408 31148 39142 82705 120332 130655 209860 210916 312164 318939 338526 1094564 
45701 181757 374751 
45709 77363 866564 
45856 7230 59928 69229 125826 175848 626655 
45929 50479 187375 202887 
46146 1625 2887 2892 2910 5333 9952 12793 14226 17704 18087 18865 20986 21099 22811 27993 30576 30608 30611 34338 35140 41983 41993 42391 43676 53152 54506 57513 59521 64648 71354 88381 88410 89778 91026 106597 159162 176169 309958 346163 360672 378135 427364 455720 546036 554443 556450 556705 586220 611450 660549 764636 840672 1165459 
46254 1261 1365 1662 2473 2862 3152 3214 6361 7722 11081 12280 12440 12441 12524 12535 12636 12700 12739 12741 12783 15468 16664 17520 17745 18740 18745 18751 18971 21016 21673 21934 24598 25257 25366 32680 33138 35148 35215 36240 36776 36790 39609 43345 45876 53240 55579 55589 58555 58862 62236 65946 65964 65996 68057 81075 89862 90577 92681 105549 106214 106450 116054 123625 143790 149480 163476 171216 172591 188805 202028 207850 209033 215041 242678 305104 306772 340973 345354 434236 471293 505033 520885 523179 551980 564795 568565 604463 632333 698184 725114 781172 852490 863042 937857 
46546 141208 429843 548151 976865 
46602 3828 5264 11735 11737 58224 148383 201469 
46650 2643 3152 6301 12280 99278 367315 
46697 18431 36305 57927 
46733 425330 1453788 
46965 27829 36189 66824 
47158 14823 184899 300258 
47220 225375 2139648 
47297 20 28052 30654 31522 39910 54209 87390 205567 233136 434244 2490791 
47537 152 1038 15408 17776 27804 27821 71330 113584 309911 2156244 3585006 6782117 
47563 50667 250162 
47626 10607 18316 18318 86052 195688 627932 
47658 17633 43762 77323 228405 493267 889799 
47692 2646 6140 8813 18742 21010 38567 166187 166459 173119 218676 290734 
47955 2779 5748 18306 21843 26380 29283 32035 38626 42005 52433 54835 57909 60603 65174 69065 70712 71334 74943 82356 86396 91966 97537 106399 117530 125420 128752 140427 158508 159161 180410 247159 269830 290421 311142 322316 325728 364503 397457 471595 497683 529884 531021 563170 678996 935783 1176914 1285615 1704997 5242207 
47988 785928 787631 
47995 39700 76624 
48218 21913 26014 68181 141791 265693 
48286 2431 73947 
48395 82273 3657203 
48466 186542 851329 
48512 152 15408 
48634 10114 38458 116913 520522 
48703 3048 213683 
48724 2595 6780 
48882 1360 21016 55589 106363 271190 295521 
49226 42805 64340 
49297 159704 225488 
49578 8999 20062 
49624 12629 13423 14776 16243 16709 21621 30016 52793 73349 81674 94188 132491 138599 185777 241785 380761 403208 536724 603564 894036 
49682 22331 28157 
49815 6111 7288 12275 17692 18696 62887 82608 109992 248636 261870 421946 447037 2241250 
49851 17124 70821 94564 389839 
49855 1926 2831 
49909 36256 102138 102139 575000 1474302 
50290 1359 7379 18087 18798 19428 27806 32299 36917 43187 55225 59524 63906 96164 97575 107846 111973 113954 116913 134346 207424 213660 239852 337551 344263 454332 488094 506587 762327 
50402 17576 52549 221298 383470 595432 895872 
50417 106424 125434 186351 235467 1219900 
50474 14240 29035 29036 61780 76774 124916 142261 143898 175589 290690 1047631 1575661 
50502 85650 585871 
50570 2831 27324 216867 515429 
50754 1605 2259 5921 36079 132881 269372 283281 
50814 800613 1137163 
50885 10766 72701 
51242 468292 775987 
51504 2424 8975 12811 16112 16415 17922 19016 20139 21910 23818 26392 28516 28749 34358 34883 36756 40540 42291 65532 69729 69756 75187 81552 97057 99323 101150 111926 112541 113723 135769 136078 139235 288270 307866 336325 369941 379038 379111 407435 415554 423257 423261 428570 458615 464856 482056 505676 537773 551994 582096 613864 616935 638077 680906 691311 712263 714578 800717 860128 1030415 1037216 1226963 1649891 1696462 1805920 2693528 3493723 7280494 
51574 923 1099 1359 2359 2853 5735 5847 7928 17678 17679 18282 21621 29504 30168 30607 31477 35144 36265 50669 54506 56362 64393 68030 68603 69065 70416 70712 71330 71382 72229 80908 81665 83485 83753 89268 95044 97075 103260 110668 112297 114422 122462 161342 174083 176311 180064 189020 195921 202893 209184 219332 239360 246614 247636 247659 260366 261031 261534 276305 281435 294126 310164 321842 328709 344263 360623 367998 436296 450580 544953 623634 894781 914611 919352 937115 937436 2086035 2107262 
51588 18419 28992 61495 80256 199676 219334 325098 640325 
51646 20384 36978 47547 82923 138604 543649 770673 2215407 
51660 2913 8733 12631 12812 112795 305055 325790 
51741 8357 8698 11629 12921 18832 21100 27363 28223 31421 33558 34932 37081 37626 37845 43780 49165 75936 77063 87832 129119 181011 191724 243491 278124 381291 411449 695523 703606 722334 817097 839799 1109812 1183840 
51896 881 2748 3823 3828 6869 19438 20139 21924 25463 26375 29197 36032 50767 60759 62722 65924 83747 89497 98488 103237 103966 109202 137872 178583 234794 277418 287445 337266 403219 411402 
52134 27191 256338 
52162 7508 13341 449765 
52278 23434 25153 65961 
52324 3083 93255 
52583 75813 437035 
52725 1464 32362 
52911 15916 247366 
52957 994 49340 
53132 13721 25695 159331 258715 889218 
53207 428715 544949 
53242 2988 8728 12441 15129 18831 27197 41596 71219 179594 239071 247631 259883 456807 487572 513916 632406 786381 1381227 1950354 
53262 16682 122426 
53391 84570 107856 
53508 6790 53232 
53621 39609 78844 
53676 13036 29046 34889 111621 
53683 173057 174356 
53752 1689 70184 355709 
53842 7019 8213 17746 35393 47007 73081 87441 
53855 17053 90556 101737 473431 493271 493286 581469 713517 839105 1358629 
53891 221809 225375 
54247 15448 15468 
54275 64669 845377 
54298 476898 969620 
54338 59858 86821 
54348 549 1349 2913 3379 3385 6804 9248 12311 12629 15123 16983 17659 17681 21576 21918 21941 23560 26900 27370 28706 37884 62880 64059 64932 65532 74510 75150 87667 97057 101799 126932 134115 135770 136673 138976 177764 198866 201606 204981 209753 223160 229245 231802 239071 243491 245921 248625 259005 283163 325822 327791 346717 379791 394506 415926 423257 436265 439433 478363 641597 666308 734018 768861 841346 844964 856606 1063897 1137163 1228791 
54353 3828 26091 255486 
54432 3210 30500 123381 484511 495686 
54846 23568 1272677 
54877 2479 5503 290067 453355 
55109 1368 21480 24773 30523 31986 37914 80840 114219 134815 159732 1167678 
55123 47047 79269 
55175 27829 211175 462889 524553 3077643 
55280 19593 77641 193863 271863 276297 427375 591739 638629 
55288 8937 67262 459340 558536 
55392 8007 8698 32619 35010 52433 105949 187570 249916 321686 430486 435797 457324 
55457 1099 2640 5890 16689 16869 30659 54209 61495 63909 70134 87706 101538 101794 122397 128756 170918 186473 189077 199984 240189 266375 308625 394369 436655 533926 767055 914950 5888557 
55562 64189 1336857 
55802 5264 222060 
55826 1351 177778 189697 415461 662087 938699 
55834 5844 7379 22329 29200 37299 63968 82136 190737 211085 225461 374899 637467 706754 951707 
55850 23583 28962 30615 32035 143896 147410 179647 182506 225393 262359 270454 753707 1129738 
55855 493990 2093742 
55939 6129 12605 29096 101149 215646 1424129 4137379 
56055 8219 62660 
56057 33532 207721 
56136 31485 135112 
56418 2876 2913 8762 9937 10538 12627 12807 24655 32753 51102 82356 94735 110961 110969 113640 121580 137222 158069 181581 196897 210499 545368 932660 1097358 4579686 
56430 7379 29023 31138 
56444 47042 68601 
56481 938 9869 18299 60603 118256 1174923 
56728 3159 57927 71738 264576 
56844 254064 291356 
56880 41777 1684006 
57039 5652 18773 21621 110640 526307 860612 
57049 2872 2912 5054 10066 17892 17997 30544 32659 41821 41975 46367 50387 51093 69497 89778 96992 109817 114182 140098 165285 448891 520773 556705 1001237 2403834 
57058 31386 50871 58774 180469 181265 182944 184899 209043 328003 1126245 
57059 23298 38566 39609 139297 189028 998938 
57197 1285 13090 40331 328672 
57229 102634 430502 
57429 12066 22109 25670 26093 32933 49078 119644 401234 428326 571901 752245 1533410 
57441 244824 367233 
57497 90530 187292 
57668 11374 12439 28992 48248 53645 67530 182736 198307 402781 
57694 2431 2901 3337 12731 31583 45008 91453 195688 278217 324279 389696 
57808 15647 30274 196897 
57923 152 7982 10538 43589 121018 212274 1190516 
57936 138339 202869 
57952 92704 224604 
58110 156 158 3828 5264 15538 29145 97225 207850 415913 435685 450869 1718108 
58161 44445 155907 
58216 9248 27566 53884 55416 61002 101214 137946 270257 520636 1875903 
58364 2980 6140 18831 31731 64033 82936 86641 241424 1137158 
58455 2259 55926 66741 66744 782622 882718 
58827 12598 13695 13698 26374 90495 251683 482401 600667 1240662 1244290 1288133 
58849 4292 51925 54125 56333 125421 386205 
58942 2919 10897 46367 89778 
58952 742 14207 35577 73049 
58962 31579 157475 
58963 1690 2431 2838 5748 25153 29368 35155 50367 57260 64205 78901 79286 164449 369144 381339 459689 465724 558646 875755 3101311 3400070 6109821 11447134 
59403 179070 666145 818549 
59419 2427 2913 27829 104744 114560 151175 307386 325800 357580 938699 2076232 
59425 4126 460494 
59492 7237 12935 15063 18227 19150 34066 38626 103445 294235 341220 439272 490646 497683 565448 580800 1144884 1784487 
59513 4482 29414 72459 75587 92801 97569 119985 145050 237498 266462 400011 
59523 36752 73966 107778 107780 151549 174833 226836 626401 1673578 2591484 6350075 
59756 2434 7182 13036 50362 122104 1123216 
59818 7195 9260 12631 12928 14296 23834 27633 30851 31582 32496 33087 36258 43529 69037 69453 73952 88395 105547 112563 114580 164487 193594 195921 211336 244824 246744 265435 316183 324304 325283 328673 391305 483787 493150 533784 583615 613828 626251 682559 845394 852462 944576 1017709 1302019 1492967 1806216 1818352 2472354 3239066 6330457 7094542 7235934 7404992 
59984 5683 18831 134017 157021 195689 202790 324270 899971 
60116 2913 7189 8695 12812 18829 29064 30041 30042 45286 49141 57347 87706 87859 89609 90550 159592 221432 259455 335716 442338 449405 551527 551813 602723 622323 658054 710935 752135 942281 1199926 1604937 1738196 1861078 1945027 2070958 3003183 5578953 
60217 370 7379 49260 96164 101787 202457 209184 515432 621210 
60280 2841 31582 31583 44718 49573 50907 60812 152411 179662 933208 
60337 18006 31477 
60401 22118 29383 31583 175511 
60423 2862 7575 7982 8731 10538 12573 12628 14226 15407 17891 18745 20062 29145 30576 31485 49044 50392 60581 86079 92243 101216 113630 149672 159931 173734 269370 285721 337035 404757 413844 415461 479662 544699 622458 671352 806089 821908 838283 852130 852156 990783 1022469 
60448 28558 74959 
60859 1099 91122 973469 
60872 3003 3005 6105 12317 12323 22320 29624 60258 60321 62887 64126 117481 121011 134824 166539 204845 
60913 2237 42817 
60916 59953 109094 
61000 1359 2677 8714 10106 51133 127030 262130 399428 
61017 9108 26912 103257 133864 248158 276328 
61021 1168316 2596671 
61036 65905 84811 
61120 49165 170724 
61221 7360 50354 70712 79264 1510353 1560076 
61446 317830 391796 
61514 112 45070 190984 565378 
61591 36213 96176 
61596 42648 839143 
61772 5105 14357 256279 436277 
62236 27801 65806 
62310 10514 11349 45161 164188 528517 544061 
62345 904012 2858584 
62349 8761 50491 241785 
62376 110 1097 2831 4257 6804 15897 24390 36258 73761 102029 152249 170714 208276 501384 551456 7412893 
62396 637466 1033075 
62428 29424 73106 166572 169354 
62454 28437 81845 122361 
62472 61457 235203 431062 549457 835251 
62650 24954 388076 
62740 287557 510339 
62865 107253 513341 
62940 2640 4403 11972 18927 23701 34537 51292 56605 69462 70352 78922 90545 100670 112292 115732 126229 152098 242629 244020 393061 1739496 2007890 
63137 110998 215646 
63166 160478 227361 
63455 16496 6294373 
63598 18971 937233 
63613 12601 12628 12629 
63873 38062 141928 
64115 14207 14855 
64135 51820 54490 206720 695418 884239 1323131 
64355 4410 54874 73760 113055 243061 
64417 1888 2653 2908 8723 14226 17892 19037 26277 29414 30566 30574 31582 31583 50392 68602 88399 101216 118931 122104 139171 155548 173231 189310 256689 296433 353052 581555 636670 704163 
64759 2431 27882 84986 
64810 17578 49044 181778 181779 3533412 
64991 12308 12311 12317 21576 
65074 22109 60216 69974 82718 82726 113055 327544 2189217 
65270 45217 46019 
65438 2005 137236 
65618 1360 8891 
65843 26363 116922 
65987 4631 7223 7469 7661 8733 8813 11427 21480 26089 26174 37574 43807 46971 55589 71953 108522 111878 112565 112566 124015 128756 152525 159603 166701 198314 264013 284573 309228 497537 652080 1697732 
66093 18641 20945 54513 101278 109749 125448 215300 249951 307162 1556474 
66114 36672 105549 138188 187261 
66168 21934 104759 275259 436310 528606 
66349 12439 12444 
66510 168339 626664 
66558 6361 11081 
66655 1017 4611 12561 18419 21016 21934 31364 51036 56933 69501 77420 110674 115159 124542 243312 742435 781245 1223268 
66688 24799 69250 464365 790444 
66690 49101 97818 270248 719437 
66800 18747 122889 
66819 4605 11971 17963 37034 40142 101411 146893 244301 285255 477407 561711 
66991 12324 21934 246624 
67986 5264 51347 57318 181610 625973 
68107 64682 123704 201527 443854 
68279 1888 91944 160800 215028 339393 764634 
68401 14152 25256 37743 38644 59954 65972 89511 150764 169468 231987 1190179 
68440 2435 7188 33538 53232 163723 191735 263427 421628 456582 
68442 27361 38615 
68480 4410 21016 67974 1104805 1148579 
68728 3828 5264 7213 18833 25256 43676 48135 88232 88410 115160 127529 174856 175511 207403 208224 218767 231599 251412 267278 332785 450067 1002407 
68791 2995 31503 
68946 143891 219925 
69171 51036 279681 
69596 4644 66303 81415 100346 
69714 62472 261560 
69951 6142 12629 40324 61222 68167 74725 358020 389262 
69958 1940 2962 143419 271294 
70000 4646 26912 
70004 12440 226080 513318 545602 637466 2928714 
70072 2094 10056 17717 45807 54070 64883 117202 163451 205954 
70147 69523 107780 149773 425427 494256 530486 
70243 18062 517839 
70270 16427 16493 70881 149823 226505 957260 
70284 5892 18091 26887 2311553 
70461 10127 111079 
70602 2657 6846 12645 2482269 
70720 5798 17892 29509 30622 30645 39323 84771 116380 122459 122465 126760 219332 235589 250311 272886 680773 821700 1912544 
70779 43767 173711 
70900 36771 408357 
71000 254828 254832 673199 673201 673202 
71120 1875 12634 28931 32755 55153 186035 282671 627417 1160337 
71293 92590 123381 
71360 385092 722325 
71506 26635 52763 74726 256294 309960 427021 531265 909659 
71615 21934 23681 39609 295381 
71710 14486 18431 92590 141412 
71728 2281 25670 36771 170961 213683 499575 761594 779789 
71752 121422 1727319 
71839 18521 1187023 
72024 16135 91951 132788 243823 
72122 1350 5895 12204 15649 156526 518304 828467 831933 
72138 21489 191727 
72140 167103 169335 
72181 10110 16869 18431 25117 25128 26374 28022 30636 31543 57347 85234 85740 177028 241568 243313 243418 250628 254413 328043 509731 638081 1001464 
72276 24604 47228 67881 124857 
72358 2138 105561 
72402 928 1283 218295 223309 818549 1040761 1621146 
72421 4358 15996 22104 26082 132993 373499 529655 590689 604463 741277 3104205 
72478 51292 52568 62130 88410 
72536 30617 340793 
72801 2359 27324 36259 41976 71333 72459 97551 110645 113944 119725 237498 239614 477388 670558 1704997 
72873 10106 61823 
72955 161 6008 7699 10512 12589 22381 24994 34889 38999 40992 50537 50562 70885 72122 85225 97547 206188 317166 
73030 13320 146792 
73067 157475 271635 
73097 7597 69184 96033 282683 633762 666308 1259988 1779165 
73180 901116 2939417 
73353 1005 3823 3828 5264 5377 5503 22104 46498 58127 105898 108832 793687 
73396 19120 40142 
73513 54485 324258 473500 885236 
73790 191709 343690 
73844 1880 2681 57829 164452 166429 367354 415576 1434411 3272619 
74067 5844 107856 202261 222629 254557 584672 863551 
74070 7226 30575 160342 
74200 65499 84208 216347 435156 
74311 4060 7624 173179 696881 
74358 2430 30626 42399 63906 81811 146136 1912317 
74393 23434 25153 247603 
74544 378354 429680 429685 766248 908295 1375693 1375697 1637149 1968214 2117207 5564472 
74703 575281 2089050 
74829 2290 42185 
74836 88 110 18822 24706 31934 60329 82930 262834 402105 
74905 94195 122599 536724 
75103 2428 7360 16812 27821 30654 31577 33532 34321 36151 36808 41821 50387 71379 72102 84859 109819 112966 117460 145072 152627 165267 166933 181902 229331 262647 268640 409100 1019521 1179487 1289858 1373308 1417722 3249128 
75118 3346 9537 
75138 2428 2429 10512 67693 84986 378434 486753 
75223 30636 127842 664109 
75229 1074361 1171785 
75261 12552 80256 111496 188751 283311 390842 741277 892166 995793 3509485 
75318 71401 177570 
75335 6513 17578 
75443 57525 107497 
75539 1368 3518 21489 24773 25067 90495 603037 
75566 2290 87442 147756 154389 
75633 14456 660842 
75672 5847 8733 12628 18154 31325 49593 60329 70712 71334 77635 88402 101779 105706 112583 154007 166631 178438 181581 204662 216898 239848 363786 444561 523175 621217 821908 1282085 3862220 
75798 16112 26106 1014611 3120241 
75930 14226 16689 30576 135959 270488 357231 
75966 17963 357297 
75993 12450 34883 64667 77631 
76046 6235 22034 57260 101792 919860 2022523 3487333 
76445 200 2980 4403 11972 11973 18927 21020 110998 119253 1008657 
76645 7597 70925 333952 433110 
76714 16679 425966 576059 
76756 87 1884 5748 20611 24994 28516 35187 36189 49260 55080 56304 66927 68057 70885 78675 89424 95203 170452 181778 196898 201555 216999 358083 510025 868684 869894 
76865 2431 28052 36264 845970 
76876 39283 99698 
76899 64819 231002 
77015 72108 476912 
77199 113169 1075638 
77200 6497 6790 7469 7982 10538 12606 12811 17963 19250 42232 85234 134115 236675 357297 358268 371701 638260 650596 651046 2146875 2777314 2982607 
77322 1859 2405 11948 19082 36694 45570 122766 135276 1395090 
77345 99 1623 
77414 12739 12741 15789 26277 35577 36917 49852 64134 69162 90583 281851 637758 1600017 
77572 3823 22118 
77590 79360 79361 
77666 1360 21568 
77761 16575 17099 17350 17826 35383 155590 217428 279556 547743 733144 
77837 18833 196905 
77954 17660 38026 46872 71430 80845 292834 
78053 1360 4615 21568 48787 
78122 1351 2115 37012 107856 378321 584672 3221464 
78368 420658 478234 757282 757297 3230541 
78446 10957 15787 65996 72150 160840 307169 757698 
78630 31095 125394 
79166 1110340 5258388 
79193 10558 42246 64126 76533 164546 264117 325226 354530 644720 885689 897325 
79310 24459 27425 
79316 33099 1270967 
79403 39264 52538 149702 252352 499151 
79464 5687 27832 28201 103257 132289 
79587 16664 23526 43208 55693 79264 85404 392659 1838084 
79588 63905 72463 
79653 1576 15983 
79710 41893 267606 351343 492238 517736 548922 623822 1822779 
79727 6551 15785 16486 21100 28077 30426 36298 77495 85379 183276 381556 590481 803183 1182161 1211997 
79737 73322 135616 
79961 27639 71333 
80034 99554 106424 
80203 1350 2427 2448 4163 10759 12561 28516 28785 56367 101161 109801 111496 134083 142463 143243 195966 230976 251120 433761 876571 
80208 3337 20310 25869 31689 43211 375020 
80225 6131 22193 24459 30636 57364 61495 65444 557640 
80381 101737 242527 
80512 64607 680926 
80612 27344 60234 132822 200983 229538 258648 320499 644575 1671154 1673157 
80734 428274 665246 
80747 3009 4615 5222 12439 12631 17702 18745 21016 33153 36032 141275 151461 
80796 29510 69206 69211 
80845 88055 344811 
80851 25238 29338 166104 166111 210877 236996 937233 
81127 15991 683561 
81162 331963 581781 
81169 2174 48958 72064 258358 646548 1416661 
81171 1359 2431 
81452 67904 167070 
81485 7982 139958 207503 300022 1035258 4579686 
81720 21065 34207 98049 142769 219347 234050 249431 389936 
81892 38974 119648 
81895 1019832 1402265 
81902 135107 4166614 
82092 21572 124542 
82194 17574 138931 
82206 32496 246744 
82315 1099 1359 1888 2913 3694 4403 6308 6812 7411 7508 8218 12581 12627 12628 12629 12631 12813 12935 13091 15104 17776 17892 25134 25467 25581 26106 28128 30575 33728 34889 36305 43187 47572 69461 70416 86069 88462 100653 103256 110969 189794 203426 239463 269970 270488 283022 296533 309141 345535 348755 382268 418393 440568 442567 489047 551987 1153181 1843144 
82434 1282 18144 
82557 15260 18787 41161 201272 219328 402762 
82574 4160 108702 
82590 40888 113593 
82616 65540 1040375 
82651 42286 90625 221327 515544 
82707 420658 757282 
82712 20283 149823 
82758 13760 18713 26628 150337 282363 372533 415888 832248 
82851 18273 111954 124669 244721 
82949 8695 151794 330644 449415 456617 752135 2175568 
83087 2451 9208 151164 1433784 
83121 4644 112182 160233 312378 327015 586125 
83401 18521 27800 37301 48194 58506 179585 182773 264339 290690 794511 842991 
83465 18234 104002 
83563 3152 3379 331970 
83690 10766 459902 
83749 178072 636589 
83757 52287 326860 
83758 291224 4312265 
83762 39305 53640 117294 297766 405902 489081 746629 
83770 12154 71401 126288 235903 257700 1630123 
84065 2967 16689 23414 74889 91331 131383 242675 
84108 39264 60216 
84145 30042 577790 
84345 2426 2434 
84381 2913 10924 12629 12807 43212 68222 77142 94225 316655 422281 554751 2317056 
84437 1193 61627 69162 80203 
84444 1360 8891 10557 32746 62722 341577 348482 
84515 168238 1183561 
84611 2423 8733 21010 26645 43013 161286 237531 240551 258804 521312 
84835 1940 3312 12439 36255 
84836 1625 16318 19428 
85081 963 2359 7333 12812 15088 49260 58610 63909 63910 64841 113792 114425 119281 122091 217142 307340 379026 379320 583615 647710 722141 905298 1391911 1912317 2324639 2623590 
85217 103257 739953 
85320 1304 42073 
85330 2309 34277 50907 73951 112148 127438 135276 140859 238747 348739 479162 1495318 1611587 2406788 3151179 4702540 
85388 5918 10462 23780 54506 60833 268439 1424129 4811265 
85401 70157 70896 
85410 36672 105549 
85444 2138 9886 10766 20945 26627 31572 31582 34542 36258 43187 50907 68618 69974 72229 101787 103349 116376 126288 142115 218417 222629 254212 271116 378434 413396 425959 887416 1115420 
85575 1576 94611 122391 134346 353052 
85619 4482 102127 
85708 11896 31031 357755 
85712 116512 378736 
85785 4126 34253 83752 256510 
85986 8807 39571 143762 173545 219925 250062 646454 
86092 36258 101393 164469 261713 716748 
86139 656743 700243 
86222 1926 5275 7353 7711 9264 22286 30574 30579 33362 46701 54506 67974 70782 84801 172270 216867 282372 385601 738071 1133799 
86239 22668 80243 157448 242181 355607 518203 774450 2443943 2760919 
86437 113104 543281 
86495 3950 7982 25257 26081 56367 65055 68172 83960 124228 152388 228405 241272 258692 419238 
86658 1032 289432 
86835 13889 19486 21492 39828 54477 155798 185526 216857 338284 517906 833697 
87141 1442 6166 10899 11889 31582 112239 253062 315538 336961 
87275 3283 29624 29628 30293 71197 610834 
87304 7445 18740 21520 31485 80463 98506 265505 429994 1084046 1606835 
87366 2651 70599 187495 222017 
87384 7736 22712 30574 54485 60603 85222 114577 174056 307386 389262 472903 1492971 
87391 12439 21016 
87489 4406 21395 71330 145088 
87685 47488 203703 
87756 10352 12441 151972 159732 233487 263501 464365 677286 
87902 13092 13546 14226 18450 20140 24910 29297 32362 56205 65509 80203 89524 104744 122900 125563 151558 189280 189285 251132 320432 544516 1729849 2801536 
88036 7223 50776 114841 123120 206421 261096 449405 559404 
88056 1032 2246 2361 5735 5748 10512 15356 17578 19332 20611 21376 21621 29504 32362 34078 35155 37072 38974 49260 56545 57592 57987 69409 69974 70426 72659 83762 85315 92679 94183 97075 102615 103905 106212 112822 116351 127857 152097 152098 155546 160857 166557 166577 170118 173611 180067 190750 193320 202790 228244 228900 235771 236095 239253 246137 246610 261499 265641 270488 283650 297780 325798 338865 354526 390065 417671 551990 571399 735342 768997 770337 850160 896721 951437 1133346 1143712 1527072 1634070 1662584 3126628 
88094 17702 1754426 
88104 45697 729736 
88168 16709 29504 60206 101851 131333 389938 
88173 1086 77422 
88222 1729849 3724214 
88412 56605 56675 
88427 36265 41171 42366 60321 379818 
88467 14728 90835 
88620 1605 1689 5854 7661 10120 10378 12579 12630 12632 17941 23824 23980 27189 30615 30654 31579 31729 31733 35577 44088 51093 57364 60596 64666 74294 75316 84661 85170 94195 97575 104932 107856 130836 134220 149687 167261 203426 216858 222466 239676 269025 281668 290417 303063 315532 316117 328637 344244 354222 354226 369164 370040 395111 409100 420876 424243 428566 443111 451940 460081 515410 517750 527865 556410 560056 580032 584672 680926 703425 706808 836894 838283 845970 898526 898537 919100 1019286 1116269 1385181 1555725 1900935 2215216 2327801 2493290 2995457 3131731 3187256 4401318 4446795 4712669 
88721 17016 29064 40336 59844 163214 250199 455897 1325047 
88792 22381 63706 
88864 5844 63968 
88910 17963 18844 
89014 6440 12057 12421 17665 18419 18787 23681 31318 69501 85740 97225 208068 248625 273358 395057 402762 450869 1611496 
89122 82634 159128 
89250 881 11349 28170 31541 44644 573818 
89575 19619 56118 68321 92706 102602 895990 
89658 25018 55084 101804 193065 318119 612479 772660 
90020 99 3828 
90107 23 152 1576 3004 5735 8813 10735 12631 13558 17997 18971 21599 27882 29008 32759 39808 49099 50691 50884 50907 51095 56844 61262 67502 72892 85484 89563 90538 98024 98081 101741 109228 109852 116351 127438 128788 130707 132796 140859 154191 155532 170544 176352 176375 180901 203491 218400 235979 238242 249074 257181 261106 297444 367315 709412 866296 1152826 2474943 
90157 2115 4943169 
90253 150160 218466 
90388 104215 170688 534980 
90500 62239 112359 
90610 3828 5264 
90728 1099 2253 2913 22712 25670 49078 115116 252485 326978 350204 358567 544332 575506 783386 1178919 4601691 
90748 36114 1133747 
90761 21570 62420 
90767 10538 110969 
90791 127030 276328 
90857 602063 714578 
91040 4482 10899 
91096 16812 16870 18277 18637 22888 36153 52030 61811 83920 174561 182773 199884 221369 225935 321524 371329 428580 443412 508544 542716 712653 772617 1176689 1239290 1445575 2723877 
91153 28228 31733 44891 47912 74885 75316 76617 79658 82723 83576 158070 243061 277553 413396 424243 626492 
91344 81675 399735 
91437 370264 436287 
91473 10352 38644 42721 89511 117474 164473 167469 209431 265680 411367 582004 2943129 
91797 22381 47004 
91840 94234 114555 189139 239447 871234 2097585 
91863 785455 947455 
91892 445 2319 2913 3826 3828 4631 5264 12311 12812 13511 13944 17231 17776 21516 22118 22939 30645 30703 34344 34348 42193 51347 54485 54506 69730 84002 90629 94043 98934 99859 100666 103966 123840 152636 181610 193299 222060 239463 246192 255486 319671 337713 659827 781395 937603 958639 1356846 
91924 1676 4109 7387 10078 12793 13343 15434 16575 36708 40650 55168 56047 110779 116886 128722 134187 136076 158487 159734 176352 309191 569288 653887 1410371 
92025 256025 316655 636925 
92146 31114 459979 
92257 9255 12636 21910 40428 51649 60329 69756 164456 257260 394381 460670 580940 964825 1240662 
92292 18829 30263 118806 1216235 
92370 81524 1637473 
92429 41305 130655 
92443 192 26081 65053 118883 154631 1028289 
92448 1304 13889 25574 204722 238896 
92485 10072 142266 
92494 377775 945882 
92525 2468 429815 950030 2131293 
92574 13090 15057 25670 36771 
92614 370 891385 
92698 2421818 3091377 
92817 1948 3375 
92880 178 1984 2338 3113 7019 10725 17892 19438 26297 28516 63905 64592 66073 82385 87855 94893 111496 116266 193272 423512 485842 525048 
92979 8866 59953 
93032 2434 2913 7982 9890 10538 22712 25670 28200 31729 31733 49078 109724 192427 207034 256690 354221 
93052 2913 3323 7188 9289 12629 25071 29491 30645 36264 58624 60580 80037 179335 255844 280950 328003 329630 637292 650777 1054945 1312132 1322712 1583083 1899867 3187134 3557543 
93137 43326 217017 
93306 36752 122369 
93338 28798 242247 
93557 117530 600248 
93569 37782 54072 122092 317843 740404 752135 1361953 4404555 
93721 8203 10099 13236 13569 24766 87042 115993 164473 179088 180333 189721 354255 516966 
93828 78753 674778 
94014 501825 1536131 
94059 378346 378354 429685 766245 908333 920206 920244 1334036 1375705 1443082 1858050 1936991 1968214 2117207 2129838 2992888 5564472 
94073 12580 12653 36811 1354306 
94164 4410 57406 
94260 14825 465916 
94647 30019 36247 
94698 3003 14842 15994 26297 
94847 1366 21480 51869 68315 80840 398439 
94940 261582 1074361 
94981 21934 28170 
95046 355841 415840 
95056 11896 19414 19555 145057 170721 429789 437000 2443291 
95095 3312 6364 229514 
95121 92009 109909 147756 804553 
95220 5556 6182 12538 51809 51823 114211 134887 182607 
95239 270188 333358 
95392 14207 19037 430386 
95906 139260 216299 
96079 1059563 2034725 
96243 91966 193816 
96353 15538 21033 80460 101709 
96806 2831 45381 127202 436486 1642976 
96842 31471 40571 71150 
96931 5687 10107 10290 21832 24713 31583 47042 53890 77348 106176 106568 107795 137872 144061 155548 257699 269046 270256 337551 375309 395587 415573 435326 488059 521301 528318 622320 713947 762441 883461 1123224 1154458 1199242 1358629 2307588 2326167 2508991 
97224 9531 135842 291214 
97515 12631 23980 25563 27833 31153 41110 50543 70030 102570 103256 132780 173231 325133 345975 372533 461375 492716 621191 
97548 49340 1533037 
97581 12280 43825 47886 163734 179534 431915 
97900 139810 523213 
98019 182345 205592 
98233 17891 30647 50684 113944 243823 1093765 
98314 766246 2253214 
98344 75813 120984 270239 
98523 22148 118386 1724443 2225393 
98573 68182 791549 
98691 58251 63770 72759 1061756 
98712 20978 68168 103959 387265 
98752 13427 57927 
98772 160831 173271 
98826 15414 21405 29268 30391 154025 338055 
99010 2587717 5733970 
99065 3283 42176 51928 55587 64677 78677 
99069 12203 14207 14240 29383 31577 41282 49852 54485 61780 71399 84986 94735 97145 103338 227361 271622 354023 430857 542073 587674 677144 903130 945069 
99136 14240 160835 199906 322513 395238 
99258 9938 25257 81032 230976 461375 
99287 38624 38626 
99539 5890 20025 56075 72924 106466 116913 252384 256066 330369 
99581 5678 13926 34054 43685 88059 164873 190571 357805 386134 389934 434236 901116 
99600 21017 24786 
99736 16125 37805 38814 39324 114161 160706 308636 317830 337012 415353 
99870 2913 5683 12807 30612 
99982 52892 52896 179722 187261 189907 294089 324222 363192 792727 889701 1138411 1210710 1566275 2164280 2837446 
99991 184294 278469 
100085 4099 5360 286118 
100157 75064 80791 
100678 1283 10326 17157 21100 24690 26154 26324 26345 27206 50910 88772 97547 112802 221305 229621 278158 367737 373581 374634 487375 565378 1131845 
100920 2423 6762 28924 101180 181888 187254 970648 1057679 
100926 2281 2780 29251 67565 74305 78474 94590 124396 207990 428654 
100928 257509 318119 
101247 30042 38458 
101352 2429 25670 36771 49078 452636 837986 
101360 1097 2423 27413 113949 126923 
101739 1676 11101 13343 48249 121814 232737 333952 1242589 
101742 2455 35146 
101803 4111 4803 12949 13996 32401 49559 53820 57927 58200 61857 115464 145183 145639 159331 199183 202783 206503 334413 372506 463501 558254 724422 835594 1714926 1723940 1874342 
101823 405578 1633144 
101914 14713 58549 
101935 12628 21489 21934 68603 90549 151778 923408 
102098 28201 459698 
102182 6315 10756 21884 61457 159574 
102215 1083 60790 132780 584663 
102287 3375 47722 87331 127349 219860 233801 811970 
102311 2434 3214 
102395 450884 1421714 
102544 1532 5667 
102589 15949 29397 
102653 19438 32753 94212 223156 
102679 25581 83943 
102736 60429 997326 
102774 1436 1446 59884 255201 723252 901787 5730659 
102867 6351 56547 
102921 10127 29902 109934 182691 
103174 2919 36258 
103402 5892 43408 77640 185965 
103479 12892 243668 
103546 2908 8807 17975 31582 34542 36258 50392 68602 73415 90549 122104 175833 237104 325133 459902 1806220 2093742 
103559 50560 608010 
103583 198054 216012 
103597 38675 2943129 
103601 232418 491283 
103611 36607 1431030 
103675 14226 30574 111150 141306 
103745 152 28516 
103845 18773 34745 44702 103652 107389 191707 217142 221013 354400 584672 745136 838147 969058 995759 1903958 
103856 18971 81075 
104013 17574 22939 47879 60581 114538 306967 392659 881747 
104038 173647 1551236 
104183 17742 18200 22480 94763 277418 466662 
104248 49078 149707 743543 
104323 1367 1751999 
104449 13298 357541 
104553 6505 26277 26363 96164 218870 242294 324318 467657 
104593 21010 30659 153346 158925 165364 215101 220513 328026 415573 425990 693760 
104782 745 1365 1367 16869 21489 21934 24390 24773 43807 43821 56333 71963 90495 132491 191727 251901 277719 342056 1104235 
104830 2430 12601 73356 
105081 159592 166612 
105096 5393 6182 100086 
105097 91099 105559 
105466 14445 26058 29507 40705 41628 42620 50043 55153 91119 107792 107818 113640 151787 222764 378321 379300 665741 680060 795520 901116 1553592 
105495 7583 11960 58200 199305 330592 338891 
105531 3823 5264 31150 37782 38600 41141 71472 76624 106450 114425 140957 373499 415898 600117 665753 709381 831434 
105681 3009 98023 1907463 
105726 99914 600667 
105762 5683 5698 36265 52789 348755 440568 897323 
105841 12275 12324 21576 25563 32753 42260 56545 62887 65532 84925 114276 125398 272573 487911 691311 785717 2770049 
105930 11972 100659 
106060 49227 93578 114425 145647 
106470 1359 6804 
106495 26627 27804 1521121 4209722 
106534 4403 14207 18913 186184 209737 1395805 
106554 10766 14801 43150 70869 87872 599705 
106583 29023 63372 
106593 30926 45171 99867 186924 
106599 2046 8733 12629 18831 21589 42021 94737 195689 
106712 5503 46498 
106744 152073 522517 
106762 77300 153732 
106822 26082 593977 
106874 1038 18087 21021 21099 
106925 14231 18319 24387 61622 459373 
107297 160 27024 81518 
107309 17558 26088 105253 141202 898921 
107340 45587 159588 
107569 51183 632866 
107748 2818 329691 
107751 3219 4611 44309 88232 
107823 24459 27425 
108184 10415 57401 170715 401679 
108329 2913 12628 
108345 88 2240 14285 29414 34745 88410 116821 119681 143686 198293 357155 367391 426183 769831 1087844 1111286 1336340 2750670 3322582 
108393 5264 100666 255542 279556 
108521 1858 16454 18844 47883 70134 79262 80094 107856 160855 171173 248608 369227 395111 417598 505576 567553 659807 716748 754003 
108553 2428 618355 
108683 2263 1644948 
108707 14207 43401 56367 90839 118165 
108813 2653 2681 5671 14842 22320 134011 139171 143847 559396 
108820 11374 205552 333963 435584 
108851 10924 13086 56362 68602 97906 377481 1346085 1668078 
108859 125 304072 
108873 7482 26912 51805 74476 78640 88183 103985 111079 134288 169764 251897 284965 286605 
108915 95988 1053082 
109061 12740 12741 25256 156487 195504 394368 484537 604463 
109283 45161 73228 154613 
109492 1689 81010 198292 576356 1315348 1939265 
109576 50694 291688 
109591 67848 70305 
109678 1360 1365 4615 15449 21934 52568 62130 
109718 18723 20943 
109849 5736 43708 72924 88085 113953 114937 252016 425993 425995 601106 639744 1824275 
109954 924 9889 15538 17231 18320 23359 31524 32230 37309 52559 55150 58985 63968 85761 85890 85931 99278 102437 129735 152292 156562 184899 186634 191727 204704 216743 246961 337311 358083 485835 501457 630097 665741 668732 748531 834698 1653646 3403872 
109967 1365 3312 7716 39283 88155 97057 105561 420905 691311 
110046 60000 225461 
110184 23356 39526 81828 143231 256508 273366 463361 485857 522228 1097358 3046236 
110417 36305 69229 
110458 356069 396754 
110534 18 9108 13036 14207 14456 19781 36114 52433 55701 63372 68055 77298 145072 282667 342194 660842 1024101 
110604 2211 29349 
110696 1245 1359 7736 8506 10378 11889 12440 12793 14207 17586 18001 18277 19733 23979 27134 28516 30568 31503 32035 45683 49141 50392 50540 65946 68602 70599 92149 103256 114562 120533 125448 132780 143557 158099 164188 179594 182980 196531 249074 265432 277685 285735 288080 298464 302626 309440 311418 317212 328478 342702 350062 389662 455894 500366 546740 598325 831726 866818 945074 1038509 1583083 3104205 
111117 1032 17892 32299 71212 226609 290418 
111204 12203 531517 
111317 9287 90579 124916 160480 160482 441009 929560 1323131 1402338 
111363 34282 48091 128758 142164 155549 235962 248617 317178 336961 695409 875268 
111866 953 2450 6801 9917 31090 50672 61109 235211 246195 250651 359204 599705 1252214 
111878 881 3312 7175 26981 78184 83966 1346679 
111911 150311 2001783 
111997 19379 40142 66963 622124 
112011 30571 64105 77190 156455 166933 200835 292016 300700 309248 468377 
112104 5683 12629 17963 40324 65444 94216 107856 135276 143268 389262 
112128 2431 27882 30643 
112231 389696 487842 
112280 143556 219907 
112283 5842 8026 27211 29300 41401 44028 49543 49918 52087 56048 56089 73276 76228 77495 85181 96668 98335 140209 187550 220041 222388 228231 232916 247820 459039 512695 939669 982954 1603901 1638191 1890454 
112316 6131 152228 
112402 1351 2481 3283 6503 17679 18087 27821 31084 41998 134226 243722 277773 364503 
112455 7982 78844 
112535 2427 2431 
112669 136 10512 21480 24607 24773 25067 25112 27739 67607 90495 474443 966430 
112949 5378 5503 10630 31681 36213 49057 58521 247175 358507 366775 776028 
112974 75199 240791 
113186 1359 2426 
113243 7661 18745 
113271 200 818 1662 4783 12280 12589 12635 17745 18110 23164 24604 28160 39235 41258 68172 120747 142399 149178 198367 217084 258687 280495 291687 300022 421994 852490 3418416 
113321 934 9278 10513 16869 20611 36650 50099 90527 90554 92151 143063 154206 318353 736303 
113331 1912 2831 42193 64754 325790 
113413 3283 9861 13955 21918 26119 70644 345335 674626 
113454 2094 10056 
113602 156 5918 15407 21489 36318 51622 72759 85268 111866 
113723 1097 2423 10110 77299 88402 90755 97336 101216 164866 189077 301242 428705 549752 622458 
113736 12972 61869 378435 401165 933880 
113756 17574 39434 97312 114538 
113798 2319 3824 90629 
113950 1360 8891 84986 103256 103349 
114102 1894 2929 5609 8728 12606 15260 15383 38809 43675 54734 85995 87486 97547 276297 288080 307976 335631 353930 425355 1106797 1216235 1218436 2014993 
114256 3214 37891 260217 421206 424470 598252 704488 1017411 
114276 39264 338450 
114306 143898 745833 
114307 7982 10538 25257 41565 
114350 87955 1023376 
114362 18306 26887 106294 157507 214222 561988 618367 
114384 76535 218951 326152 371744 
114456 1261 3927 11889 12819 27840 32359 33728 37888 47337 172759 189794 248639 339153 543540 586318 
114499 5847 82726 
114587 27512 143933 649293 2577418 
114615 9108 58985 
114760 30361 30523 
114911 130 17892 27893 41821 239685 766758 
114913 4783 10538 12590 258372 830324 2524463 
114981 20125 83528 
115043 15134 25694 369776 
115052 110998 116855 
115176 4628 5428 12605 12628 13021 16662 17776 25028 27295 28929 33492 36811 73271 75429 161847 169830 260320 412610 2297383 
115189 124086 1373952 2338569 3976080 
115395 1444 2660 5714 8813 13733 14842 17891 18775 24390 25249 27194 28042 30040 30627 49261 50490 50491 78923 80632 84002 85413 97078 107263 131845 151786 153602 161044 166063 170300 207969 290113 330369 339511 416494 464856 477425 522701 554447 618495 674784 758882 873760 928905 967730 1813922 
116001 12912 13090 15057 26014 236945 543649 2215407 
116091 21934 61936 148278 394084 
116168 7482 213449 213827 428681 
116491 12324 21577 328674 
116510 12783 129754 
116534 40335 78309 321531 2006808 
116552 1360 8891 
116656 4629 166074 706717 1069324 
116780 5844 10513 22329 25017 26383 28022 31398 42345 53232 68629 69735 77323 81675 101737 102392 107806 133428 157094 163723 243300 243380 243418 246994 310855 338506 347403 369989 545602 584269 674791 710935 732379 738810 837369 1047431 1301298 1371563 1607612 2175568 2568383 2790710 2998099 3926733 6311207 6586827 
116900 5333 42540 
116920 69991 134220 168260 203426 294004 2801706 
117114 58626 70613 1932022 4569609 
117445 17075 194599 
117630 25876 246961 
117697 5400 79450 163212 908685 
117735 5841 14226 17963 27194 30574 50413 73678 111746 146893 283939 492683 1610451 
117820 691475 814985 2750323 5676785 
118062 2898 13036 31504 48608 56708 64754 250431 294383 316133 1667666 
118079 1359 62718 70796 79577 201847 301904 
118108 9886 9937 16454 18865 30926 31435 60833 128823 179983 306314 350062 394368 620591 
118131 30612 42366 74226 170714 
118200 1230 31650 80016 143556 
118286 12811 36817 91453 3152319 
118363 32306 94777 94880 132264 165917 178869 911605 
118480 3295 919991 
118540 9940 24773 90495 402719 446997 921815 1282848 
118561 5816 10378 14207 32035 33295 36513 55492 65039 68386 77807 97141 97145 98265 101444 112414 118263 130443 130448 131733 206107 225494 253826 305881 332199 398107 430857 500671 612423 657475 2467770 
118574 1083 5835 13468 21099 43676 45021 105949 117267 117297 204634 525030 693308 1052411 
118608 2839 9647 10893 18492 29382 31521 52871 54515 55693 83920 90579 90604 189045 221809 268060 289425 303119 400011 439501 489271 587674 662132 706825 753707 1323131 2669541 
118648 10378 13944 14207 16412 22331 26329 26390 30615 32035 38938 44745 54012 63372 97141 124969 166564 179597 187947 238896 311574 312287 560434 1215020 2470606 
118707 8176 12057 95149 734018 
118843 97538 113123 118931 166158 409575 622458 1019511 2148212 3000319 
119006 88 14285 561202 1098777 
119121 152 1097 1359 1888 5718 7290 7722 9725 12632 12945 13208 13924 14486 14842 15453 15468 15983 15994 22604 22748 23980 25028 27829 29096 29509 30500 31583 32306 37297 38566 44080 52603 55153 65946 80205 80233 80292 80881 81032 81075 84586 85230 88155 90530 90549 93699 97577 101851 103087 104215 113639 113653 120989 121007 123381 125847 134004 161031 204704 210906 251771 257366 266553 275785 280283 296438 366958 412950 413828 436369 436533 443111 450848 496174 541366 545079 786381 795584 879411 1233640 1415020 1877441 3849629 
119187 101804 1042023 
119262 11427 1697732 
119308 2913 12807 12812 
119347 9854 36247 
119523 133701 445708 
119703 53884 65849 137946 
119718 2831 4271 4410 35010 
119859 137946 257750 
119922 1622 90629 100666 116952 
120214 1364 180916 266585 
120225 26375 29064 
120309 386336 435607 
120310 7613 270715 
120350 17698 382519 1160975 1863324 
120423 1984 4307 5179 7237 12440 17385 26666 26900 33673 40336 49042 54734 111858 138638 156582 210521 226504 255162 255413 306314 394381 460670 637466 663160 1075638 1240662 1251440 1288133 2744919 3182339 
120588 2246 31580 
120620 10078 11403 40650 61626 139171 202789 409863 
120631 161276 227515 
120788 21838 317411 
121077 38708 250273 372506 
121125 32209 70605 
121393 31836 66905 
121428 26375 38458 
121435 2430 8733 10766 21672 23834 34521 72701 554777 595211 716748 
121453 55740 66977 106807 419820 
121514 41983 106598 
121582 4538 21356 66993 84331 427266 495189 587688 1745818 
121603 2660 2887 2913 7226 8763 10117 12629 12741 16112 25256 30022 37063 41110 61041 68181 71401 73947 73952 117292 125085 126287 141275 145098 163723 180540 180892 252373 270249 288432 315538 318502 565431 581555 589817 645285 784321 
121697 3034 36715 44987 582418 
121721 14915 106818 144820 942834 1751194 
121789 53578 9202588 
121795 104305 142466 
122040 69974 1955851 
122178 257714 308051 
122223 7661 7722 
122332 2899 212847 
122349 7578 10692 18094 22013 60216 87893 99423 143585 184657 222274 351651 
122423 30786 78972 367448 
122465 158 2479 7353 7379 9255 10117 17231 29145 29414 31582 52537 52558 69409 69974 81032 82136 86821 95988 96164 103349 120982 122104 175188 177036 198080 275816 292191 353052 367233 379268 500366 589635 628913 672170 683878 684680 722026 894781 
122612 122885 524962 
122678 3379 34889 155479 155480 322594 325790 
122916 17997 25014 
122956 127547 2574736 
122965 61563 88140 119798 127944 145744 391669 554095 593629 603037 1286358 
123018 1446 1449 5806 14207 23818 28052 30612 42026 78764 97141 113201 114559 114560 142463 212254 227013 244824 280950 339060 415573 425990 502294 584672 662087 784881 1038509 1533391 4175157 
123149 1360 8678 57147 61931 62420 180901 207845 264308 282074 
123161 8975 34070 57318 150019 217581 226516 261106 1163056 
123224 12731 39855 
123433 1351 294250 357297 588327 
123469 29064 62722 
123563 1365 21934 
123699 99 1257 2369 3093 3219 3927 5264 5377 5542 6407 7445 8866 10502 12444 12819 13912 18740 18742 19435 19486 21934 25262 28283 30293 31485 36149 36607 38687 41334 42185 50907 60329 77278 80030 80463 82333 84246 85242 90629 98506 103349 109583 111496 127349 130802 133884 134115 136673 138378 145244 145958 150165 150208 151547 151791 159948 160815 163255 165018 180916 185629 186328 189839 193272 197383 198308 209039 212274 218500 225661 234371 239053 243927 251217 264365 267583 268096 302508 324306 337012 367233 421928 429941 524593 577544 683128 891177 916362 1087554 1096692 1199919 1277023 2187638 
123783 262842 281963 
123957 10723 29504 207892 701050 736817 
123982 101663 1161100 
124025 180892 1110340 
124099 36513 112414 271073 354222 366762 552532 673859 
124131 6142 64394 358020 1907978 
124251 2423 2426 2481 5927 8077 10554 17742 18865 25028 41341 55698 77291 77504 130429 138188 149039 184432 262647 322513 322517 359067 2136686 
124394 67585 115575 134837 548114 
124429 19794 24607 28992 31065 36346 36737 48787 51820 83893 88155 88170 88171 91202 102735 160103 175567 200516 225403 246006 289344 289355 486582 567553 706717 
124451 44245 210614 
124596 30636 163545 
124602 32746 254828 1679264 2044671 
124607 1099 12812 17776 131787 964095 
124634 21489 62239 64883 210614 282057 
124814 20275 77446 
125023 6304 11973 12727 14852 15097 74402 314578 
125360 870 3379 12598 15797 18419 21934 25067 25094 36217 122637 202770 270173 428305 443111 2157058 
125368 1603 12605 12807 12812 21918 24428 26088 36771 49078 54483 238909 272166 272167 
125612 7237 15063 43676 45578 49244 63905 88410 155549 339467 1979482 
125661 1400 8506 29721 77420 392519 638258 
125725 2309 2450 2489 5105 10089 13982 14357 16450 23562 30915 33596 68602 69326 77245 116351 118255 135688 135689 168804 180067 187569 239796 288426 363186 444406 764115 767835 923408 1183634 1356846 1494526 1495318 2223989 2482269 3661207 
125802 68278 870075 
126060 123382 139884 
126117 10554 35383 
126174 143059 292827 
126254 2857 224150 
126311 10056 22939 245921 
126335 14167 22136 85676 86896 122120 815063 
126363 7447 35762 
126428 22320 97537 
126478 1888 15983 29383 31583 32307 71330 122104 
126515 928 62420 
126570 39183 68602 
126605 17997 269370 483896 605749 1051046 2327943 
126743 61538 119096 
126866 15408 125746 
126986 34889 86069 
127026 16869 250199 
127039 35144 57910 
127096 10378 67651 318823 665734 
127100 2183 308917 
127274 4803 26466 38728 53816 114978 313401 676679 
127282 16086 29377 43316 164188 198838 304281 
127338 152 1676 1917 12577 15408 25670 27106 30909 44834 49078 64170 70356 77060 91767 121018 226659 331850 799708 873404 954144 1236408 
127466 13927 24908 36607 180557 201248 427402 578407 1087763 
127503 1359 23818 36264 91099 216404 369164 573816 699484 
127739 31485 80463 
127804 8148 12021 107625 253117 
128090 8226 9261 11889 94735 105977 172759 628078 
128103 488190 1530673 
128445 2263 54224 168831 283281 1057648 
128567 61596 65466 
128580 9336 12627 261517 307162 871762 1741353 
128642 1479 121811 
128671 2983 105561 
128697 5428 2939417 
128964 29503 73950 84960 200158 210499 326331 353951 2475266 
128974 134336 160477 203426 227361 241174 355232 662154 693545 
128985 39828 389589 
129204 347 10455 63073 
129325 3155 7736 10107 44832 
129335 340793 358192 
129403 214956 373278 395487 430841 
129514 16869 27832 206163 212982 280929 428305 520888 1511709 1730683 
129741 13696 13697 84986 388811 
129760 11403 294383 
129812 30636 157027 212315 524553 763429 
129911 84986 86072 150857 693754 
129955 46498 198080 
129959 2809 25262 30654 38626 40331 40354 51094 272792 366601 418475 522686 3565481 
129963 119786 627846 
130013 14777 15336 15337 218948 
130035 13230 43821 
130067 52896 144817 224191 2557566 
130203 19795 52907 91223 112147 174601 264941 278469 303914 
130245 881 3375 29408 36213 89840 94860 154221 227102 239104 290003 322668 358507 373038 495116 607747 
130248 11374 84986 97551 101644 125847 250169 605965 
130581 1360 23980 41305 135246 166689 239620 898783 1123800 
130608 5378 7024 
130641 78591 210145 
130831 8695 18282 24714 25093 30283 42246 55706 69451 69585 82136 90540 177076 186035 190704 203491 231185 236936 243312 300966 464806 927366 1606835 3670841 
130833 166 26058 
130901 12605 472903 
131152 464121 894534 1057148 1679264 1679303 
131157 2913 68508 74205 135276 966604 1156883 
131197 102479 162062 235472 566849 
131290 10554 65911 92679 308430 
131321 45319 69497 92089 109338 264421 361711 
131461 3003 3005 114464 116004 
131611 230766 607607 
131647 101780 507812 
131677 146307 637374 
131769 18477 550468 
131785 3909 4083 7661 18971 90571 101792 130307 162448 169335 174972 187743 258610 
131951 15990 31731 
132005 2249 54894 
132175 6166 10122 18817 74941 85499 97075 123629 237531 264004 269021 437272 517750 522555 881747 933890 2303004 3187256 
132300 1349 34745 51036 82082 226284 357980 470830 589635 872238 954740 1430940 
132436 26900 261140 
132472 23571 32830 44007 52565 97963 109863 204634 
132600 2424 17680 25060 31579 85484 103349 535858 919096 
132693 5360 1236893 
132710 209753 229244 328970 
132754 25019 31998 168285 266237 
132809 1304 155756 
132974 8226 12021 48148 64693 91051 104804 163709 223355 331851 377775 574984 585659 592069 602959 825554 
133026 32306 42282 43153 50188 65537 93205 136446 145116 168701 194456 204535 429751 
133183 8733 12601 12813 50417 296500 308625 685578 
133259 317467 543239 
133328 24880 68167 92109 382518 387296 389265 630082 
133375 22 63 
133379 112148 113951 
133584 67893 88462 
133695 10903 14207 15789 33548 226606 231808 233423 235467 269830 277294 332785 338055 361994 386130 552640 1090274 1219900 
133928 2859 17892 
133961 25071 25118 
134354 2428 2809 28052 28234 38626 60741 69544 71515 86069 116423 148207 212510 216902 313448 357286 377640 442567 493270 586309 611976 1635399 7553522 
134374 63963 126215 
134391 12631 17528 27833 28777 40324 44540 48225 50491 54070 73548 75148 80093 101709 106026 185592 188550 208769 230976 423416 436277 630458 920084 1011721 
134459 2319 3828 
134745 1270 24386 86821 110969 138345 157021 176870 277727 318784 4166614 
134808 2731 272573 294822 460653 1019832 3332534 
135028 55493 67600 119937 337312 
135155 10557 29065 99667 170838 
135168 18831 45812 951260 1343395 
135228 12814 115726 
135260 18666 25112 25119 67607 135119 154223 186035 285623 285624 285625 285627 285628 285629 285630 761594 779789 966430 
135485 11973 12727 61506 623004 
135626 384 1348 5841 8825 25563 29519 32753 114538 151409 223156 232418 240551 275267 284053 320841 351201 462177 486452 642335 921089 3069338 
135668 15053 451900 
135697 187679 875275 
135932 766243 1167289 
135946 6008 25231 47236 464109 
136098 45057 350425 
136103 114348 201256 
136108 3927 7722 153146 302605 
136195 17578 21017 22082 24786 31151 48225 90189 102386 161387 173727 220878 439144 952217 3950135 
136353 177868 479412 
136467 36781 106245 1044352 
136514 43669 70773 97578 494154 
136642 250574 628293 673199 673201 673202 894561 2223735 2750323 3157299 
136651 5222 11427 59902 227322 518887 
136695 67691 231258 
136725 50406 387299 
136802 31934 143460 
136952 9885 18062 94763 256572 1494328 
137061 2913 121259 
137087 1888 7711 38439 56545 280921 663005 
137094 12629 12813 174856 561183 665734 680905 1063499 2050598 
137122 31537 67651 
137202 83943 112566 112582 213460 794420 877864 1110340 
137513 11333 12419 29023 32032 317377 1645473 
137664 24423 91719 189028 195031 435571 623452 878702 885034 1926757 
137707 4144 10868 31583 50392 68602 122104 
137804 51036 190704 
137978 1360 8891 25977 154221 1068369 1679765 
137997 4103 372788 
138058 55434 167103 
138192 12190 12799 51216 88232 99323 114843 
138261 2423 4072 10378 10897 14207 20997 56367 144042 145102 180410 591041 780156 
138377 20945 68602 90549 348755 440568 
138462 1565814 8003088 
138782 113123 489268 
138853 230665 648609 
138935 6127 123590 
138983 7982 12441 18723 27324 34890 52558 64835 70702 121266 126271 165294 191705 251280 309370 354886 370192 483670 621218 823267 1115420 1231174 1907484 
139194 10558 17963 136252 577790 628913 1634884 
139263 106026 189189 
139342 14785 54488 
139396 162 277727 693523 880890 7438967 
139422 1083 3694 10114 10835 10903 18638 21516 30701 41332 43677 83726 120310 127860 137420 184899 222293 301696 493086 893351 
139570 29624 36175 55525 98537 109855 
139613 21807 22104 637466 1905774 
139688 11972 27363 258997 315538 460381 725114 
139956 2913 12601 12627 12807 12813 16450 29096 139959 
139986 1368 3518 3546 4628 4646 13011 21480 24773 25067 37887 46869 46871 46872 80838 80840 90495 99949 114219 148383 227334 329935 518060 555787 841705 
139990 135229 2348018 
140090 13760 67998 77524 107790 125448 281045 368911 1371563 
140290 18721 140942 
140344 68602 84586 122104 743664 
140365 52005 217361 
140500 12634 107847 139175 176540 
140519 23824 534330 
140531 2640 10766 18001 18781 41628 49852 154613 157021 359204 448864 561200 
140647 72925 458157 
140670 36030 115690 115700 211240 
140726 1359 14456 17997 18521 31581 36151 52850 73947 86052 143786 233172 505044 618047 729751 855009 914611 947201 1076547 1460441 2327801 3006096 3249128 
140759 48759 85934 217595 251169 380098 731001 
140836 27804 257506 
140939 2669 39013 41141 73949 119681 173133 241785 252384 270244 324296 349183 422493 646494 678990 889359 930074 1113114 
140944 2900 29771 45191 145078 195689 239108 317428 355625 436608 1044350 
140947 2595 6780 
140994 12629 16668 50907 122104 193272 202839 348739 
141010 125 2281 2429 2887 5844 27752 29251 42345 54485 94787 142556 194473 239852 331605 377480 1862820 
141185 5838 781026 
141205 86733 253704 
141486 5890 7985 41813 167865 184876 261499 488094 521629 
141553 109054 326902 
141992 151794 456617 
142065 1888 8218 36189 41336 91166 
142106 160 20611 39420 318353 
142153 1093 10747 22662 24768 26089 26585 31934 32074 55153 65460 110332 110978 152276 158251 160342 164186 164187 181834 195965 196219 219127 262834 280936 296653 312060 381556 442414 469975 478806 647845 715490 947008 1140953 1280635 1533305 2378117 10049485 
142162 39007 160942 
142181 453266 2248845 
142192 107 4741 6806 58072 141809 
142194 18073 49716 246192 624318 
142501 18486 19447 31466 32746 36389 175043 190292 301268 713988 781877 838863 1695382 2230944 
142591 4605 17826 
142739 8203 87042 153989 215215 274288 
142758 41110 113055 122104 218870 
142849 53657 262366 
142866 107789 112802 166933 200835 271917 802474 
142885 12892 60329 178438 262834 458615 462442 1043013 
142896 31477 216872 
142932 143506 895841 
142983 12807 69756 423257 520883 866837 
143042 2420 425677 
143212 19124 39828 117351 134226 475523 866296 
143240 1445 33556 
143403 14226 24428 27397 125878 164188 752321 
143498 30667 182345 
143499 9322 164911 
143541 3823 3828 
143580 16812 199906 389605 
143769 79658 477696 987468 
143891 15595 61222 74725 269657 278936 691234 
144300 104676 266476 
144510 1067 10406 22604 25981 30500 32127 32953 37782 69753 96568 142443 158070 189015 217633 295370 299588 373516 424243 740404 1099173 
144681 2160 586220 
144775 61262 132796 837392 2537299 
144778 87462 173207 200710 
144814 948 2425 9270 10378 11973 16037 16454 18001 30274 30636 32035 36258 36513 59541 97336 118931 132091 136408 164300 508808 1666121 2475266 
144868 15086 49182 133511 342708 
144927 88 2910 
144992 57511 249866 
145034 103349 192900 423104 649027 
145178 18521 29036 138322 
145234 4850 39164 81919 476912 
145294 31111 48343 64134 325227 488094 1219174 
145327 101501 106237 109271 167557 167558 247852 
145418 68677 155103 312161 857084 
145469 7982 10538 25257 
145496 150 1282 10928 18319 23980 39210 50508 122454 176146 180914 207921 276800 413868 747011 2968293 4365587 
145562 21480 80840 
145859 152 15408 21021 23645 86324 175833 447812 487375 655556 1236408 
145974 994 5663 8365 9885 14692 35415 56291 59093 95225 103617 106335 121824 127857 141791 159925 276693 297046 326897 327212 672547 1596688 
146205 17756 107789 133359 249971 
146256 156562 483521 
146338 3048 29201 31485 80463 
146410 152 417744 
146455 1099 22712 
146620 1099 2913 
146623 933 16037 82101 
146653 17755 17772 18831 30659 65460 68331 83755 87649 88381 134317 182330 264382 353719 
146836 158 582004 
146888 963 1099 1285 1350 2288 2430 3093 3822 4455 4923 5556 5715 5748 5921 6538 7236 7445 7624 7722 7982 8762 10766 10903 12323 12749 13086 13760 14019 15056 16856 17520 18319 18379 22512 23909 24740 25631 26912 27746 28160 28513 31579 32273 32401 32759 36114 36716 37081 37577 37626 42185 42485 44451 45021 47436 48194 49223 51804 56333 56362 57894 60200 60580 61000 64600 66079 66827 68603 71820 74977 75813 76169 77271 77501 78160 80203 85231 87855 88022 90058 90624 91047 94275 98105 99431 101071 101731 102437 104356 105949 109583 110969 110978 111466 114186 114852 121002 122105 124542 124899 126182 128848 136860 137948 138533 142443 147899 157339 157838 160358 163214 166167 166654 179932 180916 181779 182317 184944 185931 195420 197397 197443 198316 212082 216434 217633 218712 226659 230976 243482 252377 256737 256944 257868 266579 270477 279556 290717 293104 302700 303695 312224 325135 338555 348504 351998 355841 357615 363224 370190 374908 379663 400956 401622 411629 415840 415898 431972 438775 441341 454658 475551 554752 565306 566339 580940 595211 623635 623696 623748 670338 692483 700221 705697 716852 738855 738918 752413 765069 796657 822038 834523 965680 987458 1003371 1024467 1035319 1099655 1222671 1239290 1326821 1638668 1665876 1862269 1883066 1911456 2106050 2125596 2144904 2273016 2597611 2738970 3129325 3344869 3866345 4942658 5236024 
147106 152 15408 
147147 17772 35224 
147521 491568 682637 
147562 30736 87441 
147707 10837 17680 25050 25060 25101 25113 26374 35641 38675 54696 181258 246742 339854 482401 627085 657267 839442 880829 1346303 
147803 2046 11374 20997 737856 
147823 1937 14734 
147885 994 15068 
147899 31364 90643 166701 180188 214956 361994 
147905 544337 885265 
147933 15549 24604 45161 88843 329848 
148092 42805 861752 
148180 78554 197141 
148184 47343 217252 
148214 44961 77420 94212 122104 261106 340314 358297 662087 784881 969058 
148594 14285 22737 
149015 2913 17665 22712 36607 141810 
149218 31148 217306 218870 571224 
149294 10557 12892 21923 25128 
149349 10378 14207 97141 1831786 3521326 
149443 21480 114219 
149603 4615 5838 18998 20777 29038 33752 48244 64802 64932 80098 97088 97094 114995 119157 135688 135689 157313 169442 177319 189015 195085 478774 
149615 1880 6361 7469 11081 19250 22939 26089 100666 126067 237434 283118 
149629 55493 118645 
149700 18 177 5748 5844 8056 14207 14807 14855 15789 22329 23867 41336 43821 61627 77666 97141 145078 151791 157828 160800 236388 246614 299576 637813 675067 1592964 
149734 55057 121033 162705 212540 784780 1322133 4040659 
149771 5400 440909 
149924 72884 2430896 
149986 212626 346081 
150180 1360 21934 209033 
150541 10378 14207 30172 138322 
150661 5663 1034535 
150816 16812 221572 282225 285694 312382 355417 559628 
150969 9940 1218424 
151151 1873 18110 
151188 158 4850 63770 64835 72759 77323 81675 97387 135476 159150 164456 169033 283540 429748 471436 550546 
151230 5913 10078 55701 68168 147410 212155 262652 301828 
151242 66849 195952 307866 1328365 3445704 6033059 
151261 57560 82385 
151370 38062 203468 
151460 40324 68167 
151804 28749 791549 
151859 175 31928 45514 631004 
151894 10082 12629 22712 36822 50684 145957 
151928 25053 43821 85268 115511 121033 145958 1068369 1592964 
152043 16415 117530 
152323 1926 9769 18966 38390 93402 189160 192427 420121 1631478 
152350 60268 61823 69937 104012 155525 898271 
152352 21871 21872 78184 335156 450647 612090 
152373 13695 56291 
152543 960 963 974 1815 2520 6788 7508 12535 12767 13955 21807 22331 26380 29103 29283 33721 38963 44288 49210 54887 55576 58636 60216 61104 65964 71218 72989 81268 86396 91080 96793 102463 103265 108287 112495 115190 119681 121823 129601 132457 140427 143517 151625 157534 160251 160264 163848 177487 190483 199183 211297 243192 244416 246124 257536 262311 266101 270185 287445 302521 324296 327562 328721 339924 342056 347060 379887 462591 489046 526530 779910 926498 1006858 1024961 1478003 1527072 2061865 2126127 
152560 2908 10897 10899 10928 31582 72701 74974 74975 138319 
152561 60803 257469 
152630 1425 1442 
152771 2069 6468 12811 12812 14408 23294 26100 26153 94216 230034 271125 288237 301938 377603 591739 
152868 55080 66927 
152957 12308 12311 21576 36175 
152987 931 11407 118254 163709 394208 394209 736368 
153040 2962 3379 5542 6440 11737 23922 135084 206991 267588 
153123 23434 25153 65961 
153125 44264 272886 
153166 31095 95224 243491 838910 
153335 27829 199676 
153336 1360 8891 44244 57525 101792 109863 484537 
153377 21016 25256 104702 264308 779888 
153426 30760 264427 
153427 71329 112277 
153441 85441 471115 
153550 152 10766 21021 23834 44696 48390 67588 68638 97575 103256 103349 107793 112583 239852 280950 367315 486452 524593 611467 650777 3278970 
153657 1099 69730 
153937 2507 584648 
154048 33742 59955 202736 
154261 3828 5264 30449 30450 33581 56327 89231 151256 295225 
154349 1349 39551 62127 283163 427375 1634634 
154364 39551 81552 177764 
154374 2585 61604 71758 
154576 21376 52541 256066 309148 1097190 
154594 1032 2359 2430 2679 2913 5714 6853 8807 10117 12812 17772 22335 26329 26597 39835 57354 80206 91848 113967 126288 128671 132289 133393 153602 189003 194552 203299 208326 250891 296500 321826 582116 662989 791549 1113105 2421190 
154649 105715 132108 165241 513445 
154668 17680 135119 
154918 86491 290417 490696 
154922 9238 60280 530558 3941631 
154952 140400 647710 
155006 1597 1912 2288 7736 8831 16454 25670 27405 29414 44490 49078 54485 68233 121266 192045 473526 578982 581555 765670 1048474 1110430 1431030 
155036 149757 687950 
155039 501825 679481 
155087 14702 80838 177640 325838 
155094 33919 75082 171484 
155374 106504 170304 231479 
155462 21567 171948 223375 435544 1840700 2517444 
155484 7982 10538 
155525 62130 315790 
155548 16664 50697 
155557 3210 381440 
155574 5609 6806 18833 25256 27690 29016 46708 66615 93255 156487 225316 334112 359220 395057 442567 445732 590689 741277 829127 1044965 
155688 6298 117431 256031 
155800 3169 20310 
155974 12630 27361 31650 50392 57367 106335 109860 120909 139767 256141 544513 560769 580905 611976 672114 
156078 54099 54110 67651 134758 258252 574984 
156219 3375 8032 11081 15382 20948 33345 64112 64114 69142 84677 89806 124901 148284 201229 235686 261216 387419 
156263 48026 450647 
156282 21941 33712 
156316 1083 1984 5179 9220 10710 26968 28130 36040 40083 50870 66073 73941 103257 103349 116922 122397 251110 261106 325227 328460 355273 454789 611467 750442 
156383 54395 111001 
156468 12635 42634 94225 
156589 5798 6131 73947 228225 311695 376012 
156605 1283 2428 3214 23818 25262 27828 27832 30263 31181 33492 50491 94183 174971 193320 212540 266508 389262 461988 493267 622320 863551 
156606 30622 389445 957774 2867489 
156758 18078 28201 106297 459698 
156799 15097 601650 
156812 12901 80296 
156876 149 1019 1623 2841 2921 3042 4406 5333 5820 15406 26266 31975 37501 41821 58608 82088 89822 103280 105160 126952 127842 173231 180126 226193 326152 355392 487882 506331 514423 664109 736085 1169520 1180123 
157106 21672 43190 
157306 12606 508217 
157338 25997 103445 
157374 2431 22012 24429 126288 142463 326588 683120 1312132 
157411 1984 53884 53885 66073 
157441 152 1937 2138 4257 14734 21918 32188 40954 51138 65444 71747 85242 94163 124128 132264 501776 649388 2018334 
157532 7661 637799 
157643 5474 12203 21910 22682 25853 62720 65501 88041 122545 154002 204981 209103 216898 427137 1056003 1465493 
157978 149 8056 10415 26297 57406 90629 137254 160478 238747 395037 407305 1611587 2406788 4702540 
158228 347 5917 10455 24773 42805 46872 51869 53297 72759 93630 119843 623932 1074615 
158260 110 3411 22512 24706 30390 53767 53779 53792 55089 67115 67462 68172 80166 83752 85320 96459 96756 97815 97831 107803 116150 154631 162070 166665 230008 330707 359871 478212 561085 
158310 122 78922 
158531 4489 246193 
158660 8761 12601 12629 
158786 10492 428925 511107 657855 
158805 16869 17264 50667 134797 159584 272169 
159034 2430 11403 23701 50513 313650 
159082 88 1359 1501 2138 2421 2431 2910 5671 10897 22320 68048 83753 105561 121011 399422 406895 498311 
159121 2319 3828 5264 57318 202723 309370 
159198 297381 449990 
159304 144682 319873 542684 
159406 881 25804 37845 38068 274508 588176 703606 
159435 20026 69229 101792 258610 
159473 7580 303036 
159631 18743 303423 
159862 2831 36183 
159929 57318 151805 239108 279556 
159964 2070 2660 2901 5566 7979 10766 12653 12741 27840 31582 36258 36513 36743 36800 42143 50540 80094 81828 84986 88737 94220 100643 103349 105547 105949 112563 114562 126288 134107 142463 151790 176300 176560 180067 187941 193272 193329 202261 212593 253583 259041 324304 376379 416043 450598 472902 596073 657475 683128 829127 836371 846305 932211 966933 966935 1346085 1515920 1863889 1886689 2346020 2421190 3077643 
159991 8956 10352 13621 223879 
160067 33581 56327 
160150 150 963 988 1004 1691 1910 2900 4070 4605 5816 6788 8506 12461 12535 13772 13944 14801 15993 19332 21807 26081 26090 26310 31150 31151 34070 35393 36251 36278 39244 42539 42805 43686 44176 49058 49210 49287 52433 53895 55295 60450 62170 65819 67872 68101 70826 71831 78844 82136 82235 85950 89262 90839 93389 97547 106068 107992 108022 110694 110995 111928 116192 118248 118252 120993 124066 125425 127221 129606 135231 145647 151282 156291 163060 166577 176146 176288 176357 180351 182980 186328 187499 194000 198364 215771 242501 250891 251130 252377 255486 263446 283540 302765 318353 340314 360184 375270 379485 386046 431972 441649 511984 580940 597721 600117 600664 628530 664992 665040 672547 674253 716775 761657 781306 852236 852763 859334 905320 1024169 1270699 1517324 1855560 2644442 3027868 5242207 5829540 
160418 8357 9952 18087 18832 67915 67919 85315 94787 125394 182933 295497 
160440 262652 884651 
160540 51323 54481 84867 128327 134354 143897 221569 322517 549210 576370 723161 
160628 1348 7233 9260 12023 17963 18798 19428 62991 146893 201873 1072584 
160657 37831 315790 
160910 2839 7890 18094 68691 124396 157677 333948 517718 1053082 
160959 77630 395099 
160998 36264 693429 
161046 1926 111466 164915 388268 
161161 7597 34895 121824 505445 510163 1030033 
161216 25695 231623 
161221 52541 116351 294004 793687 
161286 1359 2431 525048 
161318 16858 36087 52871 77243 77298 83874 97288 138238 179662 275146 428612 439501 439502 509931 693574 839776 1671570 
161395 201281 352869 
161482 2748 16869 87706 
161507 33744 449067 
161587 21539 798772 
161732 164456 832248 
161807 19275 47042 57367 60280 62905 69991 122454 126917 180223 193907 354717 706808 736679 
161845 27566 43564 61002 
161917 18521 84542 
162181 12561 17681 25683 79415 85484 90549 96068 106331 120985 122105 127024 157479 159588 249074 251281 345354 380900 451940 486452 620575 795139 1113290 2075969 
162236 128829 205963 
162296 2585 21489 50402 259716 497704 559172 
162507 13887 2580424 
162683 152 1605 2431 13036 41870 54477 68602 74885 88410 330457 
162795 184432 185003 
162885 11370 33930 101564 155979 232161 1224255 
163002 16152 180892 589817 
163094 9937 91901 113640 
163106 8226 10897 27413 67651 
163159 920878 1460147 
163240 30736 55576 84225 2709357 
163488 46374 1484955 
163503 12578 97552 333993 1417722 
163571 181265 182944 
163693 124948 182793 
163888 17586 21516 24386 85344 103129 103130 119798 177384 945074 2814961 
163905 110 64857 
163938 6804 77017 101676 134115 147471 298148 670621 964741 1302378 
164052 21017 23922 27024 27344 
164112 18932 21020 126242 423570 
164236 1507 7182 
164257 584669 3101311 